Validation results on test dataset:
R2 of lnk within 500-2000K is 0.9479
Average RMSE of lnk within 500-2000K is 2.7139
Average NRMSE of lnk within 500-2000K is 15.00%

	R2 score	RMSE	MPE	NRMSE
lnA:	0.7899	6.1980	346.87%	27.92%
n:	0.6694	0.9259	56.80%	63.58%
E:	0.9547	4266.9589	68.62%	22.46%
lnk(500K):	0.9584	3.5086	54.51%	22.45%
lnk(1000K):	0.9060	2.3712	26.68%	12.21%
lnk(2000K):	0.5213	2.5776	9.08%	10.46%

Details:
Temp.:	2000	1666	1428	1250	1111	1000	909	833	769	714	666	625	588	555	526	500
RMSE:	2.5776	2.4709	2.4004	2.3621	2.3532	2.3712	2.4136	2.4779	2.5615	2.6621	2.7773	2.9050	3.0435	3.1911	3.3465	3.5086
NRMSE:	10.46%	10.51%	10.71%	11.07%	11.60%	12.21%	12.89%	13.73%	14.53%	15.44%	16.47%	17.63%	18.84%	20.11%	21.28%	22.45%
	Truth						Prediction
Rxn.	lnA	n	E	lnk(500K)	lnk(1000K)	lnk(2000K)	lnA	n	E	lnk(500K)	lnk(1000K)	lnk(2000K)
NC5H12=NC3H7+C2H5	67.4657	-2.8700	95800.6016	-46.7876	-0.5682	21.5468	60.9426	-2.6441	94412.6641	-50.5099	-4.8323	17.0901
NC5H12=PC4H9+CH3	62.8375	-2.6400	97629.5000	-51.8272	-4.5280	18.2066	60.4983	-2.7675	91960.1953	-49.2527	-4.8948	16.3250
NC5H12+O2=C5H11-1+HO2	31.3687	0.0000	52799.9961	-21.7713	4.7987	18.0837	24.7171	0.8968	45114.4570	-15.1142	8.2099	20.1828
NC5H12+O=C5H11-1+OH	32.3584	0.0000	7850.0000	24.4579	28.4081	30.3833	22.9893	0.9239	5571.7812	23.1230	26.5672	28.6095
NC5H12+H=C5H11-1+H2	12.7628	2.6900	6450.0000	22.9886	28.0989	31.5864	22.0060	0.9166	12037.2520	15.5878	22.2805	25.9445
NC5H12+OH=C5H11-1+H2O	17.1231	1.8130	868.4004	27.5162	29.2099	30.6851	24.5227	0.6931	2629.4438	26.1836	27.9872	29.1292
NC5H12+HO2=C5H11-1+H2O2	3.0350	3.5900	15600.0000	9.6449	19.9836	26.3971	7.3269	2.6141	14400.6172	9.0794	18.1381	23.5734
NC5H12+CH3=C5H11-1+CH4	-0.1009	3.6500	7154.0000	15.3823	21.5123	25.8423	16.9238	1.3857	10542.1768	14.9254	21.1909	24.8039
NC5H12+CH3O=C5H11-1+CH3OH	26.4270	0.0000	7000.0000	19.3820	22.9045	24.6658	22.0678	0.6352	5486.0879	20.4940	23.6951	25.5157
NC5H12+O2=C5H11-2+HO2	30.9632	0.0000	50160.0000	-19.5198	5.7217	18.3425	25.7521	0.7705	42827.0352	-12.5621	9.5234	20.8332
NC5H12+O=C5H11-2+OH	31.6599	0.0000	5200.0000	26.4265	29.0432	30.3516	20.7280	1.1851	4566.4375	23.4974	26.6168	28.5872
NC5H12+H=C5H11-2+H2	14.7710	2.4000	4471.0000	25.1863	29.0997	31.8882	18.4706	1.2421	5715.7607	20.4370	24.1742	26.4733
NC5H12+OH=C5H11-2+H2O	23.3702	0.9350	504.6997	28.6729	29.5749	30.3500	22.3789	0.8638	3154.0703	24.5724	26.7583	28.1506
NC5H12+HO2=C5H11-2+H2O2	4.8395	3.3700	13720.0000	11.9743	21.2144	27.0024	6.3510	2.5831	10849.6592	11.4842	18.7344	23.2548
NC5H12+CH3=C5H11-2+CH4	12.0317	2.1330	7574.0000	17.6647	22.9546	26.3388	13.7078	1.7319	6293.6211	18.1366	22.5041	25.2881
NC5H12+CH3O=C5H11-2+CH3OH	26.1169	0.0000	5000.0000	21.0847	23.6008	24.8588	20.3706	0.7925	4386.7764	20.8804	23.6372	25.2902
NC5H12+O2=C5H11-3+HO2	30.2701	0.0000	50160.0000	-20.2129	5.0286	17.6493	24.7668	0.9096	43176.1367	-13.0345	9.3230	20.8171
NC5H12+O=C5H11-3+OH	30.9668	0.0000	5200.0000	25.7333	28.3501	29.6584	21.8117	1.0418	5185.4531	23.0671	26.3986	28.4254
NC5H12+H=C5H11-3+H2	14.0779	2.4000	4471.0000	24.4931	28.4066	31.1951	17.4286	1.3463	6317.5752	19.4369	23.5492	26.0719
NC5H12+OH=C5H11-3+H2O	15.5597	1.8110	-1015.5002	27.8363	28.5806	29.5804	22.7698	0.8018	3214.6504	24.5171	26.6905	28.0551
NC5H12+HO2=C5H11-3+H2O2	4.1463	3.3700	13720.0000	11.2812	20.5213	26.3093	7.1045	2.5164	11363.1973	11.3063	18.7687	23.3720
NC5H12+CH3=C5H11-3+CH4	11.3386	2.1330	7574.0000	16.9716	22.2614	25.6456	12.4524	1.8104	6515.4150	17.1459	21.6795	24.5737
NC5H12+CH3O=C5H11-3+CH3OH	25.4237	0.0000	5000.0000	20.3915	22.9076	24.1657	20.4567	0.7551	4658.0713	20.4612	23.3287	25.0241
NC5H12+CH3O2=C5H11-1+CH3O2H	3.0350	3.5900	17600.0000	7.6321	18.9771	25.8939	9.1464	2.1105	10374.1592	11.8212	18.5045	22.5777
NC5H12+CH3O2=C5H11-2+CH3O2H	4.8363	3.3700	15220.0000	10.4615	20.4564	26.6218	11.1108	1.8370	8546.2969	13.9256	19.4995	22.9232
NC5H12+CH3O2=C5H11-3+CH3O2H	4.1897	3.3700	15220.0000	9.8149	19.8098	25.9752	9.8337	1.9957	9508.7061	12.6662	18.8345	22.6103
C5H11-1=C2H4+NC3H7	27.5606	0.6300	29397.7070	1.8888	17.1190	24.9524	28.5390	0.3243	24041.4199	6.3583	18.6812	24.9550
C5H11-2=C3H6+C2H5	27.2857	0.6900	29636.7109	1.7462	17.1383	25.0734	24.7253	0.7737	23529.3945	5.8529	18.2297	24.6862
C5H11-3=C4H8-1+CH3	25.9436	0.8300	31548.7578	-0.6502	15.8011	24.3144	19.2452	1.6545	25367.9492	3.9960	17.9085	25.4382
C5H11-1+O2=C5H11O2-1	38.7678	-1.6270	198.7002	28.4566	27.4289	26.3511	35.0111	-1.1127	-230.7173	28.3285	27.4412	26.6119
C5H11-2+O2=C5H11O2-2	33.4852	-0.8160	-536.5000	28.9541	28.1185	27.4179	35.2438	-1.2783	-610.6108	27.9145	26.7212	25.6816
C5H11-3+O2=C5H11O2-3	33.4852	-0.8160	-536.5000	28.9541	28.1185	27.4179	34.8556	-1.1616	-461.9370	28.1015	27.0639	26.1425
C5H11O2-1=C5H10OOH1-2	19.8092	1.1000	30100.0000	-3.6485	12.2608	20.5968	16.1861	1.8081	25339.6191	1.9196	15.9243	23.5532
C5H11O2-1=C5H10OOH1-3	16.4256	1.3000	18200.0000	6.1874	16.2471	21.7275	15.9660	1.8279	25425.8555	1.7361	15.7979	23.4623
C5H11O2-1=C5H10OOH1-4	15.1287	1.2000	16600.0000	5.8793	15.0646	20.0731	16.0924	1.7998	25545.0801	1.5678	15.6701	23.3450
C5H11O2-1=C5H10OOH1-5	12.5917	1.5000	19900.0000	1.8855	12.9392	18.9860	15.6727	1.8014	26909.4609	-0.2147	14.5753	22.5947
C5H11O2-2=C5H10OOH2-1	20.4072	1.1000	33500.0000	-6.4725	11.1479	20.3393	17.1538	1.8212	29366.9492	-1.0842	14.9562	23.6075
C5H11O2-2=C5H10OOH2-3	21.2633	0.9000	29500.0000	-2.8335	12.6353	20.6816	17.3848	1.7063	25439.6875	2.3852	16.3696	23.9532
C5H11O2-2=C5H10OOH2-4	24.9765	0.2000	19500.0000	6.5938	16.5452	21.5903	17.2140	1.7122	25869.1328	1.8189	16.0235	23.7192
C5H11O2-2=C5H10OOH2-5	13.3326	1.5000	20000.0000	2.5258	13.6299	19.7018	16.7619	1.7591	26673.6055	0.8484	15.4904	23.4210
C5H11O2-3=C5H10OOH3-1	17.1748	1.4000	20800.0000	4.9414	16.3787	22.5826	16.7837	1.6461	27568.0391	-0.7319	14.2818	22.3592
C5H11O2-3=C5H10OOH3-2	21.9564	0.9000	30500.0000	-3.1468	12.8252	21.1231	17.4635	1.6500	27551.3125	-0.0109	14.9972	23.0731
C5H10OOH1-3=OH+CH2O+C4H8-1	20.6290	1.4000	25500.0000	3.6652	17.4677	24.8542	15.8182	1.5776	24690.7070	0.7726	14.2909	21.5968
C5H10OOH2-4=OH+CH3CHO+C3H6	20.8888	1.2000	22700.0000	5.5001	17.7550	24.2983	17.4959	1.1200	20907.8809	3.4136	14.7111	20.7481
C5H10OOH3-1=OH+C2H5CHO+C2H4	42.5766	-1.7300	26820.0000	4.8327	17.1299	22.6789	19.7593	1.2020	21649.4648	5.4404	17.1680	23.4484
C5H10OOH1-3=C5H10O1-3+OH	27.5808	0.0000	16620.2793	10.8535	19.2171	23.3990	24.9474	-0.0470	13627.8516	10.9397	17.7649	21.1612
C5H10OOH2-4=C5H10O2-4+OH	27.1753	0.0000	17612.6797	9.4492	18.3123	22.7438	24.0474	0.5489	16554.9512	10.7973	19.5086	24.0545
C5H10OOH3-1=C5H10O1-3+OH	27.1753	0.0000	17334.6816	9.7290	18.4522	22.8137	24.2979	0.3321	17904.7422	8.3417	17.5819	22.3171
C5H10OOH1-3+O2=C5H10OOH1-3O2	32.6866	-0.8160	-536.5000	28.1555	27.3199	26.6193	34.0173	-0.9667	773.2339	27.2312	26.9502	26.4747
C5H10OOH2-4+O2=C5H10OOH2-4O2	32.6866	-0.8160	-536.5000	28.1555	27.3199	26.6193	35.0458	-1.0391	2489.9443	26.0822	26.6149	26.5211
C5H10OOH3-1+O2=C5H10OOH3-1O2	37.9692	-1.6270	198.7002	27.6581	26.6303	25.5525	35.3457	-1.4225	1275.0845	25.2223	24.8780	24.2128
C5H10OOH1-3O2=NC5KET13+OH	9.3038	2.4000	19900.0000	4.1908	15.8684	22.5390	12.9602	2.3570	20256.7891	7.2205	19.0478	25.7784
C5H10OOH2-4O2=NC5KET24+OH	5.1671	3.1000	17500.0000	6.8197	17.7748	24.3267	11.8428	2.1242	21602.8438	3.3020	15.6454	22.5533
C5H10OOH3-1O2=NC5KET31+OH	4.0580	2.9000	17000.0000	4.9709	15.5358	21.8233	10.4843	2.4701	19123.5723	6.5882	17.9237	24.4475
