Validation results on test dataset:
R2 of lnk within 500-2000K is 0.9489
Average RMSE of lnk within 500-2000K is 2.7774
Average NRMSE of lnk within 500-2000K is 14.65%

	R2 score	RMSE	MPE	NRMSE
lnA:	0.7438	8.2059	89.84%	35.19%
n:	0.7106	1.0569	105.44%	61.43%
E:	0.9657	3868.3718	112.49%	20.37%
lnk(500K):	0.9621	3.4564	63.11%	20.71%
lnk(1000K):	0.9041	2.5063	17.77%	12.53%
lnk(2000K):	0.6287	2.5222	8.43%	10.07%

Details:
Temp.:	2000	1666	1428	1250	1111	1000	909	833	769	714	666	625	588	555	526	500
RMSE:	2.5222	2.4761	2.4549	2.4545	2.4723	2.5063	2.5550	2.6170	2.6909	2.7757	2.8702	2.9735	3.0845	3.2025	3.3267	3.4564
NRMSE:	10.07%	10.35%	10.75%	11.28%	11.93%	12.53%	13.14%	13.85%	14.58%	15.35%	16.16%	17.04%	17.95%	18.87%	19.78%	20.71%
	Truth						Prediction
Rxn.	lnA	n	E	lnk(500K)	lnk(1000K)	lnk(2000K)	lnA	n	E	lnk(500K)	lnk(1000K)	lnk(2000K)
CH3OCH2OCH2=CH3OCH2+CH2O	29.9728	0.2410	25616.0020	5.6896	18.7471	25.3594	27.3821	0.1998	22582.3770	5.8961	17.3985	23.2190
CH3OCH2OCH3+H=CH3OCHOCH3+H2	23.8052	1.1550	6548.7568	24.3921	28.4882	30.9365	16.6479	2.0811	5112.3047	24.4359	28.4510	31.1799
COCJOCO2H=CH3+HO2CH2OCHO	27.2527	0.4300	17979.4004	11.8298	21.1754	25.9973	29.8984	-0.0168	17297.2637	12.3854	21.0781	25.4186
CH3OCH3+O=CH3OCH2+OH	20.4684	1.3600	2249.9995	26.6557	28.7307	30.2395	16.0248	2.1181	3842.0684	25.3213	28.7229	31.1578
CH3OCH2+O2=CH3OCH2O2	40.8359	-1.7300	2210.0000	27.8604	27.7734	27.1303	36.8545	-1.0366	2119.4160	28.2797	28.6277	28.4425
CH2OCH2O2H+O2=O2CH2OCH2O2H	29.2141	-0.3200	428.0000	26.7947	26.7883	26.6741	37.8146	-1.4441	1390.7905	27.4403	27.1392	26.4881
O2CH2OCH2O2H=HO2CH2OCHO+OH	17.4688	0.9800	17467.0000	5.9796	15.4486	20.5228	26.8774	0.2104	16779.8770	11.2972	19.8870	24.2548
PODE2+H=PODE2B+H2	19.5456	1.8200	6210.4902	24.6057	28.9925	31.8166	15.7711	2.1286	4608.3623	24.3615	28.1560	30.7909
PODE2+CH3=PODE2A+CH4	-5.2785	4.5200	6596.5596	16.1725	22.6250	27.4178	10.1316	2.7206	3413.2080	23.6041	27.2075	29.9521
PODE2+CH3=PODE2B+CH4	1.3813	3.8100	5620.4600	19.4023	24.8715	28.9266	10.9643	2.5839	4059.1553	22.9369	26.7706	29.5829
PODE2B=CH3OCHO+CH3OCH2	28.0628	0.2700	14316.4395	15.3321	22.7236	26.5129	24.7125	0.5277	15674.9883	12.2162	20.4700	24.7798
PODE2B=COCOC*O+CH3	22.4602	1.0600	14579.3496	14.3745	22.4458	26.8489	23.3255	0.5649	16922.0098	9.8053	18.7123	23.3616
PODE2AO2=PODE2_OOH1_3	20.5794	0.7400	15391.9707	9.6871	17.9456	22.3313	17.7860	0.2698	11611.9004	7.7760	13.8063	16.9150
PODE2BO2=PODE2_OOH3_1	30.0820	-0.4400	17112.8105	10.1246	18.4311	22.4319	15.4061	1.0109	15718.4316	5.8687	14.4792	19.1348
PODE2_OOH1_5=CO2HOCOC*O+CH3	34.1248	-0.1700	17566.9199	15.3883	24.1104	28.4126	35.6499	-0.3362	15683.5684	17.7762	25.4355	29.1486
C2H5OC2H5=CH3+C2H5OCH2	84.8818	-5.5420	102929.8281	-53.1522	-5.1973	16.8594	51.7966	-1.6005	89714.7031	-48.4424	-4.4056	17.0581
C2H5OC2H5+OH=C2H5OCHCH3+H2O	23.1998	0.9800	568.0000	28.7185	29.6836	30.5058	17.1726	1.8360	2321.8428	26.2457	28.6867	30.5435
C4H9ObOO=C4H8ObOOHd	14.5763	1.4000	20164.2012	2.9827	14.1001	20.1441	14.5529	1.0745	18798.1055	2.3111	12.5154	17.9900
C4H8OaOOHb=C4H8OcyOab+OH	25.1202	0.6000	10003.5996	18.7809	24.2308	27.1637	32.2218	-0.5015	15668.9219	13.3354	20.8727	24.4676
C4H8OaOOHc=C4H8OcyOac+OH	22.1020	0.7300	9377.6006	17.2007	22.4257	25.2912	27.3187	-0.0328	16833.8984	10.1728	18.6212	22.8341
C4H8OaOOHd=C4H8OcyOad+OH	19.6988	0.6800	12213.4004	11.6327	18.2501	21.7944	25.4231	0.1433	17663.1074	8.5368	17.5246	22.0682
C2H5OCH2OC2H5=C2H5+C2H5OCH2O	63.0285	-3.1600	86810.6016	-43.9793	-2.4848	17.1672	56.1986	-2.0982	90962.8047	-48.3894	-4.0695	17.3633
C2H5OCH2OC2H5+H=C2H5OCH2OC2H4p+H2	11.8494	2.5400	8320.7998	19.2601	25.2079	29.0621	12.8876	2.3145	5651.2236	21.5839	26.0320	29.0582
C2H5OCH2OC2H5+CH3=C2H5OCHOC2H5+CH4	8.7323	2.3700	7916.2002	15.4938	21.1201	24.7546	10.2997	2.4814	9746.9688	15.9109	22.5357	26.7081
C2H5OCH2OC2H5+C2H5=C2H5OCH2OC2H4s+C2H6	12.3588	1.8400	9451.0996	14.2817	20.3131	23.9665	9.8777	2.5756	11106.6875	14.7057	22.0800	26.6598
C3H8+H=IC3H7+H2	13.7124	2.4370	4550.0000	24.2781	28.2569	31.0909	12.1064	2.2880	5945.6719	20.3411	24.9190	28.0009
C3H8+CH3O=IC3H7+CH3OH	26.4270	0.0000	7000.0000	19.3820	22.9045	24.6658	22.5994	1.0824	8461.1621	20.8104	25.8185	28.6977
C3H8+O2=IC3H7+HO2	31.3124	0.0000	47700.0000	-16.6948	7.3088	19.3106	26.2137	1.1801	52807.5898	-19.6002	7.7916	21.8965
NC3H7O2=C3H6OOH1-2	19.1162	1.1000	30100.0000	-4.3415	11.5678	19.9037	17.2360	0.8802	24657.8750	-2.1103	10.9082	17.7225
C3H6OOH1-3=OH+C3H6O1-2	58.9409	-5.2900	29002.8008	-3.1240	7.8041	11.4347	27.8597	-0.1713	15123.2949	11.5742	19.0657	22.7521
C3H6OOH2-1=OH+C3H6O1-2	42.5385	-2.0000	14250.7988	15.7667	21.5517	23.7510	24.6233	0.0726	14414.2871	10.5673	17.8711	21.5482
O2+C3H6OOH1-2=C3H6OOH1-2O2	52.5515	-3.2800	2694.8804	29.4553	28.5379	26.9425	36.4341	-1.2929	87.7090	28.3111	27.4591	26.5850
C3H6OOH1-3O2=C3KET13+OH	12.0257	1.4800	16237.8984	4.8809	14.0780	19.1895	22.8302	0.3868	19395.9023	5.7132	15.7417	20.8900
C4H10=NC3H7+CH3	63.7125	-2.7300	98193.5000	-52.0791	-4.5585	18.2556	57.0430	-1.9967	94552.5312	-50.5270	-4.3303	18.0760
C4H10+HO2=PC4H9+H2O2	3.0350	3.5900	15600.0000	9.6449	19.9836	26.3971	6.0883	3.3445	16414.4414	10.3530	20.9313	27.3796
C4H10+O2=SC4H9+HO2	31.3199	0.0000	49800.0000	-18.8008	6.2596	18.7897	26.9263	1.0866	53618.5469	-20.2850	7.4501	21.6942
C4H10+O=SC4H9+OH	31.6599	0.0000	5200.0000	26.4265	29.0432	30.3516	17.8422	1.8052	5350.0098	23.6767	27.6202	30.2176
C4H10+HO2=SC4H9+H2O2	4.8395	3.3700	13720.0000	11.9743	21.2144	27.0024	4.1156	3.4627	14984.1543	10.5545	20.4950	26.6653
C4H10+CH3O2=SC4H9+CH3O2H	4.8363	3.3700	15220.0000	10.4615	20.4564	26.6218	1.3404	3.7341	15324.9023	9.1227	19.4228	25.8669
PC4H9+O2=PC4H9O2	38.7678	-1.6270	198.7002	28.4566	27.4289	26.3511	38.5527	-1.7534	1485.8857	26.1603	25.6927	24.8511
NC5H12+OH=C5H11-2+H2O	23.3702	0.9350	504.6997	28.6729	29.5749	30.3500	20.0122	1.4806	3280.3652	25.9119	28.5889	30.4405
NC5H12+O2=C5H11-3+HO2	30.2701	0.0000	50160.0000	-20.2129	5.0286	17.6493	29.7176	0.7102	54764.4648	-20.9857	7.0652	21.3368
NC5H12+H=C5H11-3+H2	14.0779	2.4000	4471.0000	24.4931	28.4066	31.1951	16.4577	1.9685	5275.2773	23.3819	27.4010	30.0928
C5H11-2=C3H6+C2H5	27.2857	0.6900	29636.7109	1.7462	17.1383	25.0734	23.3843	0.4724	25663.1230	0.4914	13.7330	20.5175
C5H11O2-2=C5H10OOH2-1	20.4072	1.1000	33500.0000	-6.4725	11.1479	20.3393	20.7644	0.7163	32147.0586	-7.1382	9.5353	18.1203
C5H11O2-2=C5H10OOH2-3	21.2633	0.9000	29500.0000	-2.8335	12.6353	20.6816	16.6534	0.9634	23216.9766	-0.7260	11.6250	18.1344
C5H10OOH1-3=OH+CH2O+C4H8-1	20.6290	1.4000	25500.0000	3.6652	17.4677	24.8542	22.0097	0.7553	24853.8984	1.6899	14.7204	21.4974
C5H10OOH3-1=OH+C2H5CHO+C2H4	42.5766	-1.7300	26820.0000	4.8327	17.1299	22.6789	20.8434	0.8232	23386.8926	2.4216	14.7610	21.2159
C5H10OOH1-3O2=NC5KET13+OH	9.3038	2.4000	19900.0000	4.1908	15.8684	22.5390	12.6962	1.7325	19272.1387	4.0667	14.9656	21.0155
CJOCOCO2H=C3H6O3_15+OH	46.8138	-2.4799	17501.3262	13.7884	20.8765	23.5611	34.3866	-0.5870	14526.1484	16.1187	23.0216	26.2696
CH3OCH2OCH3+H=CH3OCH2OCH2+H2	15.4329	2.3000	6453.1553	23.2318	28.0734	31.2913	19.0996	1.3815	3511.5850	24.1510	26.8757	28.7169
CH3OCH2OCH3+CH3=CH3OCH2OCH2+CH4	5.5413	3.1200	9345.1250	15.5255	22.3908	26.9048	7.7855	2.6924	8586.8867	15.8753	22.0626	26.0893
CH3OCH2OCH3+O=CH3OCH2OCH2+OH	15.5075	2.1480	3080.7803	25.7558	28.7950	31.0590	19.8255	1.4145	3964.4746	24.6260	27.6014	29.5794
COCO2JOCO2H=COCO2HOC*O+OH	18.3673	1.0850	18604.0000	6.3863	16.5003	21.9333	27.2981	0.3537	14672.3105	14.7291	22.3577	26.2945
COCO2HOCO2J=COC*OOCO2H+OH	23.9966	0.8060	17141.0000	11.7542	20.9386	25.8101	20.8587	0.8239	16918.0840	8.9522	18.0369	22.8647
CH3OCH3=CH3+CH3O	44.5950	-0.6610	84139.0000	-44.1936	-2.3114	18.4006	51.2475	-1.5525	83728.4219	-42.6682	-1.6105	18.3803
CH3OCH3+OH=CH3OCH2+H2O	13.7483	2.2900	-780.7002	28.7655	29.9599	31.3508	15.4344	1.7567	473.9702	25.8748	27.3309	28.6679
CH3OCH3+CH3=CH3OCH2+CH4	1.9488	3.7800	9687.1006	15.6905	23.1853	28.2428	10.0443	2.3632	6363.8311	18.3258	23.1663	26.4055
CH3OCH2O2=CH2OCH2O2H	33.5445	-1.1300	20034.0000	6.3590	15.6573	19.9148	17.0649	1.0565	18087.5508	5.4268	15.2612	20.5445
PODE2+CH3O=PODE2A+CH3OH	1.2060	3.6200	1386.2300	22.3077	25.5145	28.3724	2.2409	3.4383	8886.4951	14.6647	21.5198	26.1389
PODE2BO2=PODE2_OOH3_5	19.1908	0.9900	18451.2402	6.7732	16.7444	22.0732	19.2858	0.5528	15028.4668	7.5962	15.5420	19.7065
PODE2_OOH3_1=COCOC*O+CH2O+OH	23.3765	1.2400	21319.3105	9.6260	21.2138	27.4375	26.4971	0.3066	15332.2090	12.9716	20.8996	24.9698
PODE2_OOH3_1=C4H8O4_13+OH	31.2971	-0.2000	20411.0898	9.5117	19.6443	24.6413	37.1829	-1.0287	16376.5254	14.3081	21.8361	25.2436
PODE2_OOH3_5=COCO2HOC*O+CH3	24.7486	0.6300	16443.5898	12.1144	20.8258	25.3998	27.6469	0.3097	14390.1035	15.0889	22.5449	26.3803
PODE2_OOH3_5=CH3OCHO+CH3OCHO+OH	40.5126	-0.8000	15272.4688	20.1701	27.3010	30.5892	25.1991	0.4687	14151.6914	13.8691	21.3154	25.2010
C2H5OC2H5+H=C2H5OCH2CH2+H2	19.2751	1.9300	10743.0010	20.4571	27.2010	31.2418	19.8010	1.3038	3563.8604	24.3169	27.0141	28.8145
C2H5OC2H5+OH=C2H5OCH2CH2+H2O	21.7349	1.3000	4138.0000	25.6492	28.6326	30.5749	19.6340	1.1748	1032.6118	25.8960	27.2300	28.3041
C2H5OCH2CH2=C2H5O+C2H4	45.3281	-2.0200	25971.0000	6.6364	18.3053	23.4397	30.3801	0.4049	27391.3242	5.3287	19.3932	26.5658
C2H5OCH2CH2+O2=C4H9OaOO	35.1092	-0.9752	-351.5898	29.4026	28.5497	27.7853	35.5918	-0.5021	1346.8135	31.1159	31.4456	31.4364
C4H9OaOO=C4H8OaOOHc	14.0306	1.2800	14623.7988	7.2674	15.5136	20.0803	16.8192	1.2387	20749.7402	3.6337	14.9340	21.0134
C4H9OaOO=C4H8OaOOHd	12.2453	1.4200	20871.5996	0.0640	11.5513	17.7871	17.2452	1.1978	20055.5801	4.5042	15.4268	21.3032
C4H8ObOOHa=C4H8OcyOab+OH	24.8292	0.6300	12036.5000	16.6304	23.1241	26.5893	33.6937	-0.5747	14811.0898	15.2154	22.2703	25.5985
C4H8ObOOHd=C4H8OcyOac+OH	24.3288	0.2700	14927.9004	10.9827	18.6819	22.6250	24.4243	0.4273	13740.2539	13.2511	20.4616	24.2150
C2H5OCH2OC2H5+H=C2H5OCHOC2H5+H2	15.6205	2.0900	5009.2002	23.5676	27.5370	30.2460	17.1856	1.5020	2784.9429	23.7168	26.1593	27.9011
C2H5OCH2OC2H4s=C2H5OCH2+CH3CHO	27.1956	0.5770	22818.4004	7.8161	19.6987	25.8400	26.4003	0.5799	20446.8770	9.4259	20.1171	25.6637
C3H8+OH=IC3H7+H2O	12.8316	2.3051	-561.3223	27.7221	29.0374	30.4940	16.1337	1.3566	4967.0312	19.5656	23.0054	25.1955
C3H8+CH3O=NC3H7+CH3OH	26.4270	0.0000	7000.0000	19.3820	22.9045	24.6658	23.4124	0.7341	13106.7578	14.7835	21.8879	25.6945
IC3H7O2=C3H6OOH2-1	20.0020	1.1000	33500.0000	-6.8776	10.7427	19.9341	19.0953	0.4589	23786.5020	-1.9923	10.2956	16.5986
O2+C3H6OOH1-3=C3H6OOH1-3O2	41.8250	-1.8500	1005.8398	29.3156	28.5395	27.5102	31.0525	-0.4408	739.1079	27.5695	27.6360	27.5164
C3H6OOH1-2O2=OH+C3KET12	23.6937	0.1540	25611.9980	-1.1262	11.8690	18.4200	18.0531	1.1092	19543.7676	5.2766	15.8803	21.5665
C4H10=C2H5+C2H5	66.1072	-2.8700	96053.3984	-48.4006	-2.0540	20.1247	72.7256	-2.8002	101811.8438	-47.1438	2.1489	25.8249
C4H10+OH=SC4H9+H2O	18.3524	1.6100	-35.0000	28.3931	29.4915	30.5987	20.4125	0.8051	4234.4531	21.1545	23.8434	25.4669
C4H10+CH3O=SC4H9+CH3OH	27.1202	0.0000	7000.0000	20.0751	23.5977	25.3589	23.0231	0.4266	7166.4951	18.4616	22.3637	24.4625
SC4H9+O2=SC4H9O2	33.4852	-0.8160	-536.5000	28.9541	28.1185	27.4179	38.2072	-1.1222	-275.7456	31.5109	30.5943	29.7471
SC4H9O2=C4H8OOH2-4	16.4820	1.4000	20800.0000	4.2486	15.6859	21.8898	18.9400	0.6752	22600.0332	0.3906	12.2314	18.3858
C4H8OOH2-4=OH+CH3CHO+C2H4	19.5456	1.5000	23500.0000	5.2162	18.0816	25.0341	27.6435	0.4057	22995.6621	7.0208	18.8738	24.9410
NC5H12=NC3H7+C2H5	67.4657	-2.8700	95800.6016	-46.7876	-0.5682	21.5468	75.4337	-3.0372	102818.6406	-46.9219	2.7132	26.4782
NC5H12+O2=C5H11-1+HO2	31.3687	0.0000	52799.9961	-21.7713	4.7987	18.0837	28.9252	0.8654	51463.2422	-17.4911	9.0061	22.5546
NC5H12+O=C5H11-1+OH	32.3584	0.0000	7850.0000	24.4579	28.4081	30.3833	26.4762	0.3328	3394.3691	25.1284	27.0672	28.1520
NC5H12+HO2=C5H11-1+H2O2	3.0350	3.5900	15600.0000	9.6449	19.9836	26.3971	1.6157	3.8053	14691.1777	10.4785	20.5091	26.8432
NC5H12+CH3=C5H11-1+CH4	-0.1009	3.6500	7154.0000	15.3823	21.5123	25.8423	8.6445	2.6765	10251.4639	14.9603	21.9743	26.4089
NC5H12+O2=C5H11-2+HO2	30.9632	0.0000	50160.0000	-19.5198	5.7217	18.3425	29.3642	0.7488	50335.4766	-16.6422	9.2066	22.3905
NC5H12+CH3=C5H11-2+CH4	12.0317	2.1330	7574.0000	17.6647	22.9546	26.3388	7.0530	2.7316	7353.8945	16.6276	22.2216	25.9653
NC5H12+CH3O=C5H11-2+CH3OH	26.1169	0.0000	5000.0000	21.0847	23.6008	24.8588	21.8157	0.4661	5433.0459	19.2445	22.3016	23.9917
NC5H12+OH=C5H11-3+H2O	15.5597	1.8110	-1015.5002	27.8363	28.5806	29.5804	23.9173	0.6132	1823.5703	25.8925	27.2352	28.1190
C5H11-1=C2H4+NC3H7	27.5606	0.6300	29397.7070	1.8888	17.1190	24.9524	26.9370	0.9278	29407.4727	3.1058	18.5473	26.5896
C5H11O2-1=C5H10OOH1-4	15.1287	1.2000	16600.0000	5.8793	15.0646	20.0731	17.9411	1.0297	21653.0488	2.5479	14.1578	20.3197
C5H10OOH2-4+O2=C5H10OOH2-4O2	32.6866	-0.8160	-536.5000	28.1555	27.3199	26.6193	38.5335	-1.1654	975.3501	30.3095	29.9925	29.4301
CH3OCH2OCH3=CH3+CH3OCH2O	40.6164	0.0000	81656.0234	-41.5654	-0.4745	20.0710	49.7678	-1.5180	84732.8672	-44.9444	-3.3574	16.9100
CH3OCH2OCH3+O2=CH3OCH2OCH2+HO2	9.8416	2.8220	42590.8203	-15.4858	7.9028	20.5751	19.8768	1.9699	44550.9336	-12.7189	11.0654	23.6403
CH3OCH2OCH3+CH3O=CH3OCH2OCH2+CH3OH	6.8876	2.9310	3441.0000	21.6394	25.4026	28.3000	3.1156	3.2863	6950.5820	16.5434	22.3190	26.3457
COCJOCO2H=CH3OCHO+CH2O+OH	28.5632	0.3700	18486.1016	12.2575	21.8165	26.7242	29.6069	0.1126	17319.7891	12.8751	21.6688	26.1046
PODE2+CH3O=PODE2B+CH3OH	6.8287	2.8800	1553.5400	23.1632	25.9413	28.3284	2.7968	3.3901	6204.1963	17.6209	23.0928	27.0037
PODE2+HO2=PODE2A+H2O2	-6.9559	4.7800	10420.6494	12.2622	20.8193	26.7545	-0.1263	3.9597	9023.1494	15.4007	22.6860	27.7010
PODE2AO2=PODE2_OOH1_5	15.7685	1.0200	11759.0801	10.2726	16.8971	20.5628	24.6225	0.4563	16467.7480	10.8846	19.4878	23.9475
PODE2BO2=PODE2_OOH3_7	22.2251	0.2800	16587.0000	7.2714	15.8124	20.1799	20.8132	0.8327	18679.9316	7.1877	17.1649	22.4421
PODE2_OOH3_7=CH2O+COCO2HOCJ	42.8551	-1.8300	24976.0996	6.3454	17.6454	22.6612	26.8080	0.6461	23377.9590	7.2946	19.5066	25.8366
PODE2_OOH3_7=C4H8O4_15+OH	48.1097	-2.3700	21247.6094	11.9966	21.0461	24.7494	28.8855	0.0822	17660.5645	11.6219	20.5660	25.0665
C2H5OC2H5+CH3=C2H5OCH2CH2+CH4	10.0774	2.8800	15042.0000	12.8367	22.4023	28.1833	8.8158	2.3603	8940.4238	14.4864	20.6214	24.5070
C2H5OC2H5+HO2=C2H5OCH2CH2+H2O2	-7.2211	4.7000	13032.0000	8.8716	18.6874	25.2242	-0.1523	3.7426	11461.7266	11.5708	19.9327	25.4108
C2H5OC2H5+O=C2H5OCH2CH2+OH	17.8045	2.3000	7107.0000	24.9453	30.1160	33.4984	20.3214	1.2912	4093.8262	24.2256	27.1807	29.1057
C2H5OC2H5+O=C2H5OCHCH3+OH	17.3360	2.0000	403.0000	29.3596	30.9487	32.4364	17.6539	1.7027	3948.0137	24.2622	27.4292	29.6028
C2H5OCHCH3+O2=C4H9ObOO	15.7675	1.6359	-842.2598	26.7817	27.4917	28.4137	36.6347	-1.0170	1822.8257	28.4801	28.6924	28.4462
C4H9ObOO=C4H8ObOOHc	15.3904	1.3800	13882.6016	9.9945	17.9371	22.3866	19.0195	1.2689	21843.7695	4.9207	16.7924	23.1680
C4H8ObOOHc=C4H8OcyObc+OH	27.1433	0.2000	19927.7012	8.3302	18.4968	23.6494	30.4628	-0.0262	19526.0840	10.6481	20.4559	25.3507
C4H8ObOOHdOO=bCOC3H7OdOOH+OH	14.0306	1.2800	14623.7988	7.2674	15.5136	20.0803	21.2018	0.9219	13450.0996	13.3941	20.8014	24.8246
C2H5OCH2OC2H5=CH3+C2H5OCH2OCH2	53.9674	-1.7620	90856.2031	-48.4240	-3.9247	17.7143	50.4074	-1.6542	75213.6797	-35.5710	1.1313	18.9092
C2H5OCH2OC2H5=C2H5O+C2H5OCH2	60.7592	-2.9810	89993.8984	-48.3399	-5.1195	15.4576	52.1096	-1.5181	86569.5391	-44.4519	-1.9407	18.7887
C2H5OCH2OC2H5+H=C2H5OCH2OC2H4s+H2	13.4386	2.3200	3810.7998	24.0212	27.5470	30.1139	9.9823	2.8104	6174.7324	21.2332	26.2885	29.7901
C2H5OCH2OC2H5+CH3=C2H5OCH2OC2H4s+CH4	5.2470	2.7700	7175.5996	15.2397	20.7706	24.4961	3.0927	3.2471	9042.2471	14.1715	20.9724	25.4983
C2H5OCH2OC2H5+C2H5=C2H5OCH2OC2H4p+C2H6	-2.3310	3.6400	11096.2998	9.1224	17.2294	22.5444	8.2615	2.3246	10497.6709	12.1425	19.0364	23.2890
C2H5OCH2OC2H4p=C2H5OCH2O+C2H4	22.9403	0.9890	23036.2988	5.9019	18.1797	24.6614	31.9365	-0.0953	25258.2754	5.9231	18.5674	24.8566
C3H8+OH=NC3H7+H2O	15.7420	2.0000	677.3086	27.4895	29.2166	30.7733	12.4013	2.2883	4694.1514	21.8981	25.8465	28.6137
C3H8+O2=NC3H7+HO2	31.3124	0.0000	50900.0000	-19.9154	5.6985	18.5054	30.6430	0.6068	52997.8906	-18.9248	8.1654	21.9208
NC3H7=C2H4+CH3	25.8109	0.7900	30831.7383	-0.3099	15.7529	24.0580	32.2651	0.2080	32323.3320	1.0265	17.4364	25.7135
NC3H7O2=C3H6OOH1-3	13.9883	1.6000	21000.0000	2.7965	14.4731	20.8660	20.2394	1.2089	24887.1113	2.7047	16.0663	23.1661
C3H6OOH1-2=OH+C3H6O1-2	33.4422	-0.7460	13073.7988	15.6481	21.7100	24.4824	50.4444	-3.1160	25170.6738	5.7472	16.2538	20.4271
C4H10+O=PC4H9+OH	32.3584	0.0000	7850.0000	24.4579	28.4081	30.3833	21.3989	1.1931	5024.3408	23.7567	27.1121	29.2032
C4H10+CH3O=PC4H9+CH3OH	26.4270	0.0000	7000.0000	19.3820	22.9045	24.6658	23.1486	0.6931	6851.4053	20.5604	24.4886	26.6929
C4H10+H=SC4H9+H2	14.7710	2.4000	4471.0000	25.1863	29.0997	31.8882	13.9583	2.2365	4053.2705	23.7778	27.3677	29.9378
C4H10+CH3=SC4H9+CH4	1.1053	3.4600	5481.0000	17.0915	22.2479	26.0253	8.8039	2.6224	7833.2871	17.2175	22.9771	26.7658
SC4H9=C3H6+CH3	26.0892	0.8400	31309.7500	-0.2018	16.1361	24.5962	30.7955	0.5658	33487.6328	0.6082	17.8520	26.6700
SC4H9O2=C4H8OOH2-1	21.1003	1.1000	33500.0000	-5.7793	11.8410	21.0324	19.9643	1.2477	27294.9570	0.2475	14.8477	22.5803
C4H8OOH1-3+O2=C4H8OOH1-3O2	32.7924	-0.8160	-536.5000	28.2612	27.4256	26.7250	45.8646	-2.3451	2016.9204	29.2607	28.6501	27.5321
C4H8OOH1-3=OH+CH2O+C3H6	20.9303	1.3000	24900.0020	3.9489	17.3802	24.5464	29.8874	0.3079	27708.2402	3.9142	18.0709	25.2560
C4H8OOH1-3=C4H8O1-3+OH	21.6749	0.6900	16000.0000	9.8600	18.3898	22.8938	28.7645	0.1524	17241.2656	12.3592	21.1410	25.5847
C4H8OOH1-3O2=NC4KET13+OH	9.2965	2.4000	19900.0000	4.1834	15.8611	22.5316	18.1361	1.3064	22843.4277	3.2640	15.6648	22.3179
C4H8OOH2-4O2=NC4KET24+OH	4.0587	2.9000	17000.0000	4.9716	15.5365	21.8240	16.7904	1.6670	20354.9238	6.6642	18.0627	24.3396
NC5H12+H=C5H11-1+H2	12.7628	2.6900	6450.0000	22.9886	28.0989	31.5864	13.1802	2.2412	7320.1582	19.7412	24.9783	28.3736
NC5H12+H=C5H11-2+H2	14.7710	2.4000	4471.0000	25.1863	29.0997	31.8882	15.5682	2.0299	5420.8662	22.7273	26.8622	29.6331
NC5H12+HO2=C5H11-3+H2O2	4.1463	3.3700	13720.0000	11.2812	20.5213	26.3093	2.8127	3.3752	13076.9805	10.6271	19.5471	25.1769
NC5H12+CH3O2=C5H11-2+CH3O2H	4.8363	3.3700	15220.0000	10.4615	20.4564	26.6218	2.2600	3.4676	13196.0234	10.5290	19.5731	25.2970
C5H11-2+O2=C5H11O2-2	33.4852	-0.8160	-536.5000	28.9541	28.1185	27.4179	41.1046	-1.6176	1456.7178	29.5858	29.1976	28.4429
C5H11O2-1=C5H10OOH1-2	19.8092	1.1000	30100.0000	-3.6485	12.2608	20.5968	17.8536	1.4073	20636.2793	5.8299	17.1899	23.3577
C5H11O2-3=C5H10OOH3-2	21.9564	0.9000	30500.0000	-3.1468	12.8252	21.1231	18.4712	1.4750	24093.6133	3.3888	16.5356	23.6201
C5H10OOH2-4=OH+CH3CHO+C3H6	20.8888	1.2000	22700.0000	5.5001	17.7550	24.2983	27.0150	0.7523	28257.0508	3.2511	17.9920	25.6232
CH3OCH2OCH3+OH=CH3OCHOCH3+H2O	9.8482	2.7217	-1243.8630	28.0146	29.2753	30.8488	13.0520	2.3617	1607.3496	26.1112	28.5571	30.5985
COCO2HOCJ=C3H6O3_13+OH	30.0633	-0.3829	19343.1543	8.2162	17.6847	22.2862	28.0358	-0.2897	16037.4258	10.0945	17.9640	21.7983
CH3OCH2OCH3+O2=CH3OCHOCH3+HO2	16.3492	1.9950	40344.1680	-11.8566	9.8282	21.3620	13.2399	2.1900	39621.9570	-13.0274	8.4291	19.9163
CH3OCH2OCH3+HO2=CH3OCH2OCH2+H2O2	2.5802	3.5570	12691.2031	11.9127	20.7646	26.4234	-2.7359	4.2708	11013.2686	12.7216	21.2240	26.9553
COCOCO2J=COCJOCO2H	20.1015	0.7650	14651.0508	10.1103	18.0132	22.2299	21.6902	0.5037	16920.5293	7.7909	16.6548	21.2613
COCO2JOC=COCO2HOCJ	14.4307	1.5350	17238.0000	6.6211	16.3596	21.7608	23.2247	0.6091	20606.1562	6.2713	17.0629	22.6699
CJOCOCO2H=CH2O+CH2OCH2O2H	38.0622	-1.2300	23374.7598	6.8930	17.8030	22.8318	28.6840	0.3322	22214.2598	8.3913	19.8002	25.6198
COCO2HOCJ=CH2O+CH3OCHO+OH	24.6393	0.7320	18614.0000	10.4545	20.3288	25.5197	27.4576	0.2289	18071.7969	10.6922	19.9449	24.6507
COCJOCO2H=C3H6O3_13+OH	31.7304	-0.4490	18700.0000	10.1196	19.2186	23.6124	26.9657	-0.1813	15366.6094	10.3733	17.9804	21.7212
CH3OCH2=CH3+CH2O	29.7142	0.4403	26490.6992	5.7891	19.4249	26.3954	23.7909	0.4619	21490.1660	5.0328	16.1672	21.8945
CH2OCH2O2H=CH2O+CH2O+OH	50.9933	-2.7200	24407.0000	9.5254	19.9222	24.1778	23.4596	0.6730	23321.9629	4.1698	16.3724	22.7069
PODE2+H=PODE2A+H2	13.9810	2.5200	6070.7500	23.5320	28.3337	31.6078	8.8167	2.9569	4396.0820	22.7683	27.0301	30.1858
PODE2+HO2=PODE2B+H2O2	-2.1037	4.1800	7265.7695	16.5608	23.1144	27.8399	1.2174	3.7762	10376.0752	14.2419	22.0808	27.3089
PODE2+O2=PODE2A+HO2	4.8363	3.4900	40535.3711	-14.2711	8.5462	21.1643	12.3954	2.4464	37351.6953	-9.9937	10.4981	21.5918
PODE2A=CH3OCH2OCH2+CH2O	31.9391	0.0100	25549.7090	6.2871	19.1511	25.5866	24.8571	0.7091	23853.8926	5.2563	17.7515	24.2449
PODE2_OOH3_5=C4H8O4_35+OH	44.3424	-1.7900	13957.9297	19.1705	24.9537	27.2249	37.8957	-1.2975	18411.7559	11.3021	19.6679	23.4011
C2H5OC2H5=C2H5+C2H5O	88.9751	-5.9940	99284.4531	-48.1991	-2.3919	18.4343	64.4623	-2.9637	92617.3438	-47.1695	-2.6169	18.6322
C2H5OC2H5+H=C2H5OCHCH3+H2	20.1664	1.7100	5437.0000	25.3214	29.2427	31.7959	14.4158	2.1879	3714.1016	24.2744	27.6600	30.1110
C2H5OCHCH3=C2H5+CH3CHO	43.6819	-1.4500	24658.0000	9.8540	21.2573	26.4564	32.4990	-0.9595	18179.2188	8.2399	16.7230	20.6320
C4H9OaOO=C4H8OaOOHb	13.4120	1.6900	22886.6016	0.8808	13.5692	20.4991	19.7029	0.9425	20552.7090	4.8751	15.8710	21.6955
C4H9ObOO=C4H8ObOOHa	13.0836	1.9200	30857.3008	-6.0403	10.8185	19.9134	24.5629	0.9450	33536.1250	-3.3163	14.2148	23.3078
C4H8ObOOHcOO=bCOC3H7OcOOH+OH	15.3904	1.3800	13882.6016	9.9945	17.9371	22.3866	19.5371	1.1016	20088.4180	6.1655	17.0380	22.8560
C2OCOC2sO2Hc=C2H5OCHO+CH3CHO+OH	27.9458	0.0810	13737.9004	14.6229	21.5922	25.1049	24.0800	0.5415	19558.7734	7.7608	17.9785	23.2750
C2H5OCH2OC2H5+CH3=C2H5OCH2OC2H4p+CH4	-0.9862	3.7300	9637.9004	12.4943	19.9298	24.9402	3.1626	3.4262	10580.1963	13.8067	21.5057	26.5427
C2H5OCH2OC2H5+C2H5=C2H5OCHOC2H5+C2H6	19.6146	0.8650	12430.6016	12.4796	19.3345	23.0617	15.1440	1.7350	10820.0410	15.0369	21.6844	25.6095
C3H8=C2H5+CH3	65.0020	-2.9200	98522.4062	-52.3015	-4.7471	18.0181	62.1834	-3.2813	86403.6328	-45.1687	-3.9632	15.5024
C3H8+H=NC3H7+H2	14.1527	2.4910	6970.0000	22.6184	27.8525	31.3328	13.1645	2.3876	3999.3467	23.9772	27.6446	30.3058
C3H8+HO2=IC3H7+H2O2	4.1463	3.3700	13720.0000	11.2812	20.5213	26.3093	7.9958	2.6728	9179.7432	15.3676	21.8397	26.0021
C3H8+CH3=NC3H7+CH4	3.5410	3.4400	10400.0000	14.4522	22.0702	27.0713	4.4499	3.2447	6712.7178	17.8584	23.4854	27.4234
C3H8+O=IC3H7+OH	13.2159	2.5000	3140.0000	25.5922	28.9051	31.4281	18.4662	1.6026	2861.8394	25.5457	28.0967	29.9276
C3H8+O=NC3H7+OH	15.1265	2.4000	5505.0000	24.5012	28.9349	31.9836	22.3599	1.1920	3806.2236	25.9369	28.6785	30.4624
C4H10+CH3O2=PC4H9+CH3O2H	3.0350	3.5900	17600.0000	7.6321	18.9771	25.8939	2.7846	3.4045	13320.8105	10.5357	19.5988	25.3103
PC4H9O2=C4H8OOH1-4	14.0250	1.5000	20000.0000	3.2181	14.3222	20.3941	22.5330	1.1164	27887.1445	1.4041	16.2112	24.0017
SC4H9O2=C4H8OOH2-3	21.2633	0.9000	29500.0000	-2.8335	12.6353	20.6816	22.6101	1.0474	28026.3711	0.9123	15.7417	23.5193
C4H8OOH2-4=C4H8O1-3+OH	21.6153	0.7800	18000.0000	8.3468	17.9454	23.0150	24.2614	0.3215	16064.2773	10.0917	18.3984	22.6632
NC5H12+OH=C5H11-1+H2O	17.1231	1.8130	868.4004	27.5162	29.2099	30.6851	19.5675	1.3351	930.4507	26.9282	28.3218	29.4813
NC5H12+CH3O=C5H11-1+CH3OH	26.4270	0.0000	7000.0000	19.3820	22.9045	24.6658	16.7912	1.4101	5874.3008	19.6424	23.5758	26.0313
NC5H12+HO2=C5H11-2+H2O2	4.8395	3.3700	13720.0000	11.9743	21.2144	27.0024	3.1205	3.3438	12125.5840	11.6973	20.1169	25.4855
NC5H12+CH3O=C5H11-3+CH3OH	25.4237	0.0000	5000.0000	20.3915	22.9076	24.1657	20.4148	0.9148	4366.3516	21.7056	24.5369	26.2696
NC5H12+CH3O2=C5H11-1+CH3O2H	3.0350	3.5900	17600.0000	7.6321	18.9771	25.8939	2.7430	3.3868	12721.3730	10.9876	19.7368	25.2852
NC5H12+CH3O2=C5H11-3+CH3O2H	4.1897	3.3700	15220.0000	9.8149	19.8098	25.9752	2.9419	3.3547	11506.9160	12.2092	20.3250	25.5455
C5H11-3=C4H8-1+CH3	25.9436	0.8300	31548.7578	-0.6502	15.8011	24.3144	25.1582	1.0899	35982.9961	-4.2829	14.5799	24.3891
C5H11-1+O2=C5H11O2-1	38.7678	-1.6270	198.7002	28.4566	27.4289	26.3511	31.8527	-1.0378	-789.8174	26.1980	25.0812	24.1632
C5H11-3+O2=C5H11O2-3	33.4852	-0.8160	-536.5000	28.9541	28.1185	27.4179	36.0660	-1.6370	-175.7759	26.0697	24.8466	23.6677
C5H11O2-2=C5H10OOH2-5	13.3326	1.5000	20000.0000	2.5258	13.6299	19.7018	22.1261	1.0575	26403.5508	2.1242	16.1440	23.5204
C5H10OOH1-3+O2=C5H10OOH1-3O2	32.6866	-0.8160	-536.5000	28.1555	27.3199	26.6193	34.4799	-1.4986	414.6997	24.7490	23.9189	22.9845
C5H10OOH3-1+O2=C5H10OOH3-1O2	37.9692	-1.6270	198.7002	27.6581	26.6303	25.5525	38.1693	-1.9058	668.8057	25.6527	24.6682	23.5156
C5H10OOH2-4O2=NC5KET24+OH	5.1671	3.1000	17500.0000	6.8197	17.7748	24.3267	10.3803	2.0383	20387.3496	2.5288	14.2009	20.7434
CH3OCH2OCH3=CH3O+CH3OCH2	39.9324	0.0000	86410.1250	-47.0341	-3.5509	18.1908	51.5567	-2.0764	82852.5391	-44.7336	-4.4799	14.9274
CH3OCHOCH3=CH3OCHO+CH3	24.6371	0.9860	14952.9004	15.7155	23.9235	28.3693	27.2741	0.3902	16801.6094	12.7893	21.5147	26.0126
CH3OCH2OCH3+OH=CH3OCH2OCH2+H2O	4.1049	3.4980	-2206.4163	28.0644	29.3787	31.2482	17.1399	2.0055	3118.3130	26.4651	29.4244	31.5991
CH3OCH2OCH3+CH3=CH3OCHOCH3+CH4	13.1949	2.0970	9608.0293	16.5570	22.8455	26.7165	6.8599	2.6332	8506.4648	14.6631	20.7690	24.7345
CH3OCH2OCH3+O=CH3OCHOCH3+OH	13.9108	2.4500	2820.2676	26.2982	29.4156	31.8234	17.8430	1.9855	3703.3623	26.4552	29.6950	32.0031
CH3OCH2OCH3+HO2=CH3OCHOCH3+H2O2	5.4205	3.1630	11759.0820	13.2425	21.3524	26.5035	4.7402	3.0344	11135.3271	12.3906	20.0973	25.0024
CH3OCH2OCH3+CH3O=CH3OCHOCH3+CH3OH	12.7308	2.1260	4493.3086	21.4208	25.1556	27.7598	10.5735	2.2738	5532.5264	19.1364	23.4965	26.4647
COCOCO2J=CJOCOCO2H	18.0202	0.5850	14125.2383	7.4396	14.9531	18.9127	22.2349	-0.0418	12635.7793	9.2581	15.5877	18.7381
CO2JOCOCO2H=CO2HOCOC*O+OH	27.0654	-0.0360	18379.5391	8.3438	17.5678	22.1673	17.8868	0.8889	16380.2285	6.9252	15.7841	20.5217
CH3OCH3+HO2=CH3OCH2+H2O2	-5.7540	4.6400	10556.0010	12.4578	20.9860	26.8582	4.5970	3.0390	11540.4336	11.8687	19.7826	24.7928
CH3OCH3+CH3O2=CH3OCH2+CH3O2H	-6.6703	4.6400	10556.0010	11.5415	20.0697	25.9419	1.7260	3.7343	13153.0703	11.6957	20.9030	26.8009
CH3OCH3+H=CH3OCH2+H2	15.8595	2.0900	3384.0000	25.4422	28.5938	30.8939	17.5816	2.0939	5867.5117	24.6890	29.0930	32.0207
PODE2+O2=PODE2B+HO2	11.0300	2.5000	37249.2500	-10.9225	9.5549	20.6600	10.4723	2.2432	36107.9883	-11.9278	7.7973	18.4373
PODE2_OOH1_5=CH3OCHO+CH2OCH2O2H	33.8963	0.3000	13121.4102	22.5548	29.3657	32.8751	25.6063	0.6354	12951.4297	16.5205	23.4783	27.1775
PODE2_OOH1_5=C4H8O4_15+OH	31.2971	-0.2000	20411.0898	9.5117	19.6443	24.6413	37.3155	-1.1048	16048.8906	14.2974	21.6077	24.8800
PODE2_OOH1_3=CH3OCH2+HO2CH2OCHO	41.9653	-0.5300	13408.2207	25.1770	31.5569	34.5632	27.0472	0.4374	16848.3281	12.8089	21.5905	26.1329
PODE2_OOH1_3=COCOC*O+CH2O2H	32.6680	0.1900	15344.1699	18.4058	26.2590	30.2514	22.3803	0.9404	13792.0078	14.3440	21.9363	26.0583
PODE2_OOH1_3=C4H8O4_13+OH	55.1600	-2.5800	21391.0098	17.5976	26.5736	30.1675	37.2498	-1.0363	15261.2344	15.4502	22.4117	25.5332
C2H5OC2H5+CH3=C2H5OCHCH3+CH4	9.5104	2.7500	11054.0010	15.4754	22.9442	27.6316	11.4286	2.1630	7658.1533	17.1632	22.5162	25.9424
C2H5OC2H5+HO2=C2H5OCHCH3+H2O2	-7.0187	4.6000	4320.0000	17.2207	22.5831	26.8585	2.7748	3.2148	13395.9434	9.2716	18.2411	23.8400
C2H5OCH2=C2H5+CH2O	42.6936	-2.1600	18935.0000	10.2131	18.2443	21.5114	33.2776	-0.3906	21875.6855	8.8339	19.5715	24.8049
C2H5OCHOC2H5=C2H5OCHO+C2H5	26.0014	0.5860	14216.0996	15.3355	22.8955	26.8786	28.6516	0.1309	17722.6777	11.6283	20.6374	25.1873
C3H8+HO2=NC3H7+H2O2	3.0350	3.5900	15600.0000	9.6449	19.9836	26.3971	6.7793	2.7045	13723.7051	9.7744	18.5550	23.8827
C3H8+CH3=IC3H7+CH4	0.4121	3.4600	5480.0000	16.3994	21.5553	25.3324	9.0668	2.5784	7021.9619	18.0232	23.3440	26.8980
O2+NC3H7=NC3H7O2	37.5689	-1.3000	803.4189	28.6813	28.1845	27.4856	36.3582	-1.4148	-1245.5686	28.8195	27.2121	25.9180
O2+IC3H7=IC3H7O2	67.2878	-5.1500	5036.4502	30.2137	29.1784	26.8759	35.4973	-1.4278	-1868.5093	28.5048	26.5749	25.1151
O2+C3H6OOH2-1=C3H6OOH2-1O2	59.4918	-4.3500	4019.7500	28.4126	27.4202	25.4165	36.0043	-1.4523	-1293.1790	28.2802	26.6228	25.2907
C3H6OOH2-1O2=OH+C3KET21	21.4362	0.5150	23246.5020	1.2406	13.2956	19.5016	16.5791	0.6090	20423.6270	-0.1914	10.5083	16.0692
C4H10+H=PC4H9+H2	12.7628	2.6900	6450.0000	22.9886	28.0989	31.5864	18.0325	1.9738	5207.0586	25.0585	29.0469	31.7252
C4H10+O2=PC4H9+HO2	31.7254	0.0000	52340.0000	-20.9517	5.3869	18.5561	28.4603	0.4802	52175.4688	-21.0671	5.5214	18.9821
C4H10+OH=PC4H9+H2O	23.0784	0.9700	1586.0000	27.5104	28.9809	30.0523	21.8947	1.3583	4237.7920	26.0706	29.1446	31.1524
C4H10+CH3=PC4H9+CH4	3.5410	3.4400	10400.0000	14.4522	22.0702	27.0713	15.5194	1.8160	6999.5371	19.7606	24.5416	27.5616
PC4H9=C2H4+C2H5	27.9957	0.6200	29636.7109	2.0212	17.3647	25.2513	26.3617	0.0723	26010.3164	0.6333	13.7723	20.3669
PC4H9O2=C4H8OOH1-2	19.8092	1.1000	30100.0000	-3.6485	12.2608	20.5968	17.9310	0.6621	20973.7930	0.9371	11.9504	17.6866
PC4H9O2=C4H8OOH1-3	16.4256	1.3000	18200.0000	6.1874	16.2471	21.7275	17.1868	0.6891	19101.9746	2.2441	12.3342	17.6181
C4H8OOH2-4+O2=C4H8OOH2-4O2	38.0748	-1.6270	198.7002	27.7636	26.7359	25.6581	35.2869	-1.4136	-1823.1792	28.3366	26.4393	25.0007
NC5H12=PC4H9+CH3	62.8375	-2.6400	97629.5000	-51.8272	-4.5280	18.2066	65.3031	-3.4991	92556.7812	-49.5953	-5.4443	15.4185
NC5H12+O=C5H11-2+OH	31.6599	0.0000	5200.0000	26.4265	29.0432	30.3516	20.6504	1.6173	3669.9678	27.0079	29.9758	32.0202
NC5H12+O=C5H11-3+OH	30.9668	0.0000	5200.0000	25.7333	28.3501	29.6584	20.3653	1.6597	3591.2764	27.0655	30.0231	32.0771
NC5H12+CH3=C5H11-3+CH4	11.3386	2.1330	7574.0000	16.9716	22.2614	25.6456	11.2915	2.1836	7746.0723	17.0661	22.4776	25.9402
C5H11O2-1=C5H10OOH1-3	16.4256	1.3000	18200.0000	6.1874	16.2471	21.7275	17.1874	0.7030	19766.4648	1.6626	12.0968	17.5575
C5H11O2-1=C5H10OOH1-5	12.5917	1.5000	19900.0000	1.8855	12.9392	18.9860	17.1676	0.6873	18963.7852	2.3529	12.3722	17.6201
C5H11O2-2=C5H10OOH2-4	24.9765	0.2000	19500.0000	6.5938	16.5452	21.5903	17.3165	0.8820	21340.9922	1.3197	12.6702	18.6512
C5H11O2-3=C5H10OOH3-1	17.1748	1.4000	20800.0000	4.9414	16.3787	22.5826	17.8708	0.9961	22463.8750	1.4526	13.4473	19.7899
C5H10OOH1-3=C5H10O1-3+OH	27.5808	0.0000	16620.2793	10.8535	19.2171	23.3990	25.6604	0.3908	14899.8750	13.0933	20.8621	24.8819
C5H10OOH2-4=C5H10O2-4+OH	27.1753	0.0000	17612.6797	9.4492	18.3123	22.7438	26.5069	0.1282	20789.6562	6.3802	16.9309	22.2506
C5H10OOH3-1=C5H10O1-3+OH	27.1753	0.0000	17334.6816	9.7290	18.4522	22.8137	25.5888	0.3882	17802.1992	10.0844	19.3119	24.0602
C5H10OOH3-1O2=NC5KET31+OH	4.0580	2.9000	17000.0000	4.9709	15.5358	21.8233	11.4508	1.7855	15968.7168	6.4754	15.7488	21.0043
