Validation results on test dataset:
R2 of lnk within 500-2000K is 0.8708
Average RMSE of lnk within 500-2000K is 4.4341
Average NRMSE of lnk within 500-2000K is 23.27%

	R2 score	RMSE	MPE	NRMSE
lnA:	0.7928	7.3807	72.15%	31.65%
n:	0.7461	0.9898	101.98%	57.53%
E:	0.9614	4103.3518	133.54%	21.60%
lnk(500K):	0.9184	5.0726	76.62%	30.39%
lnk(1000K):	0.7325	4.1852	28.81%	20.92%
lnk(2000K):	-0.0129	4.1657	13.57%	16.64%

Details:
Temp.:	2000	1666	1428	1250	1111	1000	909	833	769	714	666	625	588	555	526	500
RMSE:	4.1657	4.1320	4.1205	4.1272	4.1494	4.1852	4.2333	4.2926	4.3620	4.4408	4.5282	4.6236	4.7262	4.8356	4.9512	5.0726
NRMSE:	16.64%	17.27%	18.05%	18.97%	20.03%	20.92%	21.77%	22.72%	23.63%	24.55%	25.50%	26.49%	27.50%	28.49%	29.44%	30.39%
	Truth						Prediction
Rxn.	lnA	n	E	lnk(500K)	lnk(1000K)	lnk(2000K)	lnA	n	E	lnk(500K)	lnk(1000K)	lnk(2000K)
CH3OCH2OCH2=CH3OCH2+CH2O	29.9728	0.2410	25616.0020	5.6896	18.7471	25.3594	34.4012	-0.5006	25733.5801	5.3910	17.9936	24.1215
CH3OCH2OCH3+H=CH3OCHOCH3+H2	23.8052	1.1550	6548.7568	24.3921	28.4882	30.9365	19.1531	1.5604	2629.4160	26.2042	28.6090	30.3522
COCJOCO2H=CH3+HO2CH2OCHO	27.2527	0.4300	17979.4004	11.8298	21.1754	25.9973	33.4985	-0.3279	14451.7129	16.9158	23.9608	27.3697
CH3OCH3+O=CH3OCH2+OH	20.4684	1.3600	2249.9995	26.6557	28.7307	30.2395	15.3417	1.9722	-835.4351	28.4392	29.3858	30.5426
CH3OCH2+O2=CH3OCH2O2	40.8359	-1.7300	2210.0000	27.8604	27.7734	27.1303	40.0759	-2.0716	1153.3535	26.0410	25.1855	24.0398
CH2OCH2O2H+O2=O2CH2OCH2O2H	29.2141	-0.3200	428.0000	26.7947	26.7883	26.6741	34.0658	-1.5028	2687.7925	22.0215	22.3324	21.9670
O2CH2OCH2O2H=HO2CH2OCHO+OH	17.4688	0.9800	17467.0000	5.9796	15.4486	20.5228	34.2290	-0.0851	12512.7988	21.1069	27.3446	30.4340
PODE2+H=PODE2B+H2	19.5456	1.8200	6210.4902	24.6057	28.9925	31.8166	15.4625	2.4213	5996.8730	24.4744	29.1705	32.3577
PODE2+CH3=PODE2A+CH4	-5.2785	4.5200	6596.5596	16.1725	22.6250	27.4178	4.7699	3.1935	3980.6240	20.6098	24.8265	28.0416
PODE2+CH3=PODE2B+CH4	1.3813	3.8100	5620.4600	19.4023	24.8715	28.9266	6.5572	2.8083	2895.8604	21.0952	24.4990	27.1742
PODE2B=CH3OCHO+CH3OCH2	28.0628	0.2700	14316.4395	15.3321	22.7236	26.5129	17.9127	1.1037	15836.9648	8.8329	17.5674	22.3172
PODE2B=COCOC*O+CH3	22.4602	1.0600	14579.3496	14.3745	22.4458	26.8489	25.3034	0.5976	13970.2051	14.9571	22.4014	26.3307
PODE2AO2=PODE2_OOH1_3	20.5794	0.7400	15391.9707	9.6871	17.9456	22.3313	19.0126	0.6401	13790.1074	9.1119	16.4951	20.4085
PODE2BO2=PODE2_OOH3_1	30.0820	-0.4400	17112.8105	10.1246	18.4311	22.4319	16.6469	1.0987	15137.6094	8.2399	16.6190	21.1893
PODE2_OOH1_5=CO2HOCOC*O+CH3	34.1248	-0.1700	17566.9199	15.3883	24.1104	28.4126	33.6854	-0.5754	12886.2734	17.1403	23.2261	26.0696
C2H5OC2H5=CH3+C2H5OCH2	84.8818	-5.5420	102929.8281	-53.1522	-5.1973	16.8594	60.2943	-2.2659	90827.3750	-45.1997	-1.0643	20.2182
C2H5OC2H5+OH=C2H5OCHCH3+H2O	23.1998	0.9800	568.0000	28.7185	29.6836	30.5058	17.3474	1.8210	-48.6943	28.7130	29.9507	31.2006
C4H9ObOO=C4H8ObOOHd	14.5763	1.4000	20164.2012	2.9827	14.1001	20.1441	19.5446	0.8975	19080.0781	5.9190	16.1425	21.5653
C4H8OaOOHb=C4H8OcyOab+OH	25.1202	0.6000	10003.5996	18.7809	24.2308	27.1637	40.9878	-1.6143	15732.0195	15.1222	21.9199	24.7593
C4H8OaOOHc=C4H8OcyOac+OH	22.1020	0.7300	9377.6006	17.2007	22.4257	25.2912	26.9386	-0.2280	15758.7402	9.6612	17.4332	21.2402
C4H8OaOOHd=C4H8OcyOad+OH	19.6988	0.6800	12213.4004	11.6327	18.2501	21.7944	25.7800	-0.0617	16179.6621	9.1128	17.2120	21.2402
C2H5OCH2OC2H5=C2H5+C2H5OCH2O	63.0285	-3.1600	86810.6016	-43.9793	-2.4848	17.1672	61.0106	-2.4857	89753.7734	-44.7687	-1.3259	19.5341
C2H5OCH2OC2H5+H=C2H5OCH2OC2H4p+H2	11.8494	2.5400	8320.7998	19.2601	25.2079	29.0621	13.5941	2.5174	5414.9150	23.7890	28.2589	31.3662
C2H5OCH2OC2H5+CH3=C2H5OCHOC2H5+CH4	8.7323	2.3700	7916.2002	15.4938	21.1201	24.7546	11.6688	2.7350	7310.6660	21.3079	26.8825	30.6176
C2H5OCH2OC2H5+C2H5=C2H5OCH2OC2H4s+C2H6	12.3588	1.8400	9451.0996	14.2817	20.3131	23.9665	8.0873	3.3334	10631.2041	18.1034	25.7638	30.7492
C3H8+H=IC3H7+H2	13.7124	2.4370	4550.0000	24.2781	28.2569	31.0909	12.0244	2.6608	5341.7832	23.1840	27.7164	30.9048
C3H8+CH3O=IC3H7+CH3OH	26.4270	0.0000	7000.0000	19.3820	22.9045	24.6658	21.4415	1.0114	3151.8345	24.5548	26.8419	28.3360
C3H8+O2=IC3H7+HO2	31.3124	0.0000	47700.0000	-16.6948	7.3088	19.3106	29.0542	-0.3051	43673.8789	-16.7969	4.9692	15.7465
NC3H7O2=C3H6OOH1-2	19.1162	1.1000	30100.0000	-4.3415	11.5678	19.9037	21.7474	1.0343	28124.4648	-0.1303	14.7394	22.5328
C3H6OOH1-3=OH+C3H6O1-2	58.9409	-5.2900	29002.8008	-3.1240	7.8041	11.4347	37.3975	-1.3562	14311.4121	14.5656	20.8273	23.4882
C3H6OOH2-1=OH+C3H6O1-2	42.5385	-2.0000	14250.7988	15.7667	21.5517	23.7510	26.6193	0.0911	15980.8672	11.1018	19.2068	23.2909
O2+C3H6OOH1-2=C3H6OOH1-2O2	52.5515	-3.2800	2694.8804	29.4553	28.5379	26.9425	45.3297	-2.8165	865.7266	26.9550	25.4384	23.7040
C3H6OOH1-3O2=C3KET13+OH	12.0257	1.4800	16237.8984	4.8809	14.0780	19.1895	9.5433	0.6157	11453.0234	1.8429	8.0331	11.3415
C4H10=NC3H7+CH3	63.7125	-2.7300	98193.5000	-52.0791	-4.5585	18.2556	63.2879	-2.6211	94407.9375	-48.0170	-2.3259	19.6112
C4H10+HO2=PC4H9+H2O2	3.0350	3.5900	15600.0000	9.6449	19.9836	26.3971	9.5147	2.9617	9634.8730	18.2237	25.1251	29.6023
C4H10+O2=SC4H9+HO2	31.3199	0.0000	49800.0000	-18.8008	6.2596	18.7897	30.1266	-0.2645	44799.8672	-16.6052	5.7556	16.8444
C4H10+O=SC4H9+OH	31.6599	0.0000	5200.0000	26.4265	29.0432	30.3516	19.4602	0.9302	4529.2139	20.6824	23.6063	25.3907
C4H10+HO2=SC4H9+H2O2	4.8395	3.3700	13720.0000	11.9743	21.2144	27.0024	6.0041	3.8137	9245.3672	20.3997	27.6956	32.6652
C4H10+CH3O2=SC4H9+CH3O2H	4.8363	3.3700	15220.0000	10.4615	20.4564	26.6218	0.1185	4.2922	10797.5488	15.9255	24.3341	30.0260
PC4H9+O2=PC4H9O2	38.7678	-1.6270	198.7002	28.4566	27.4289	26.3511	40.7354	-2.1240	1327.0259	26.1999	25.3954	24.2570
NC5H12+OH=C5H11-2+H2O	23.3702	0.9350	504.6997	28.6729	29.5749	30.3500	18.4525	1.7919	1727.1558	27.8500	29.9611	31.6377
NC5H12+O2=C5H11-3+HO2	30.2701	0.0000	50160.0000	-20.2129	5.0286	17.6493	29.4433	-0.4057	49183.1172	-22.5781	1.8906	13.9843
NC5H12+H=C5H11-3+H2	14.0779	2.4000	4471.0000	24.4931	28.4066	31.1951	16.2413	1.9917	5825.8350	22.7555	27.0678	29.9141
C5H11-2=C3H6+C2H5	27.2857	0.6900	29636.7109	1.7462	17.1383	25.0734	20.9403	0.4340	29451.6055	-6.0040	9.1174	16.8285
C5H11O2-2=C5H10OOH2-1	20.4072	1.1000	33500.0000	-6.4725	11.1479	20.3393	23.2193	1.1977	34419.5156	-3.9783	14.1725	23.6630
C5H11O2-2=C5H10OOH2-3	21.2633	0.9000	29500.0000	-2.8335	12.6353	20.6816	22.6113	0.7781	26932.1289	0.3416	14.4338	21.7495
C5H10OOH1-3=OH+CH2O+C4H8-1	20.6290	1.4000	25500.0000	3.6652	17.4677	24.8542	22.4963	1.4592	23011.6367	8.4050	20.9964	27.7978
C5H10OOH3-1=OH+C2H5CHO+C2H4	42.5766	-1.7300	26820.0000	4.8327	17.1299	22.6789	21.7964	1.4393	20489.1309	10.1198	21.4280	27.5809
C5H10OOH1-3O2=NC5KET13+OH	9.3038	2.4000	19900.0000	4.1908	15.8684	22.5390	17.4533	1.5523	22971.3418	3.9811	16.6167	23.4725
CJOCOCO2H=C3H6O3_15+OH	46.8138	-2.4799	17501.3262	13.7884	20.8765	23.5611	43.2895	-2.0843	18054.0020	12.1663	19.8067	22.9045
CH3OCH2OCH3+H=CH3OCH2OCH2+H2	15.4329	2.3000	6453.1553	23.2318	28.0734	31.2913	15.8039	1.7468	6192.0156	20.4274	24.7541	27.5229
CH3OCH2OCH3+CH3=CH3OCH2OCH2+CH4	5.5413	3.1200	9345.1250	15.5255	22.3908	26.9048	11.7897	2.0366	7749.2686	16.6469	21.9581	25.3195
CH3OCH2OCH3+O=CH3OCH2OCH2+OH	15.5075	2.1480	3080.7803	25.7558	28.7950	31.0590	13.8169	2.0485	3750.1357	22.7733	26.0803	28.4438
COCO2JOCO2H=COCO2HOC*O+OH	18.3673	1.0850	18604.0000	6.3863	16.5003	21.9333	22.1775	0.5625	19232.0078	6.3175	16.3854	21.6142
COCO2HOCO2J=COC*OOCO2H+OH	23.9966	0.8060	17141.0000	11.7542	20.9386	25.8101	10.1233	1.2703	16309.4414	1.6035	10.6913	15.6754
CH3OCH3=CH3+CH3O	44.5950	-0.6610	84139.0000	-44.1936	-2.3114	18.4006	50.2509	-1.5110	78478.4453	-38.1234	0.3211	19.0197
CH3OCH3+OH=CH3OCH2+H2O	13.7483	2.2900	-780.7002	28.7655	29.9599	31.3508	12.8764	2.0902	2846.0996	23.0019	25.8829	28.0478
CH3OCH3+CH3=CH3OCH2+CH4	1.9488	3.7800	9687.1006	15.6905	23.1853	28.2428	12.0363	2.0317	7184.4121	17.4319	22.4555	25.6715
CH3OCH2O2=CH2OCH2O2H	33.5445	-1.1300	20034.0000	6.3590	15.6573	19.9148	18.5906	0.5216	19488.9590	2.2175	12.3863	17.6514
PODE2+CH3O=PODE2A+CH3OH	1.2060	3.6200	1386.2300	22.3077	25.5145	28.3724	-3.4529	3.7660	6330.0918	13.5805	19.3763	23.5794
PODE2BO2=PODE2_OOH3_5	19.1908	0.9900	18451.2402	6.7732	16.7444	22.0732	23.5569	-0.0060	18960.4883	4.4373	13.9744	18.7409
PODE2_OOH3_1=COCOC*O+CH2O+OH	23.3765	1.2400	21319.3105	9.6260	21.2138	27.4375	25.0273	0.2741	18806.1406	7.8032	17.4568	22.3786
PODE2_OOH3_1=C4H8O4_13+OH	31.2971	-0.2000	20411.0898	9.5117	19.6443	24.6413	45.5102	-1.7431	18286.4277	16.2731	24.2670	27.6598
PODE2_OOH3_5=COCO2HOC*O+CH3	24.7486	0.6300	16443.5898	12.1144	20.8258	25.3998	23.4509	0.5209	16321.2812	10.2615	18.8357	23.3033
PODE2_OOH3_5=CH3OCHO+CH3OCHO+OH	40.5126	-0.8000	15272.4688	20.1701	27.3010	30.5892	22.2396	0.6907	18639.7520	7.7726	17.6312	22.8000
C2H5OC2H5+H=C2H5OCH2CH2+H2	19.2751	1.9300	10743.0010	20.4571	27.2010	31.2418	12.8991	2.0147	7386.5732	17.9854	23.0990	26.3540
C2H5OC2H5+OH=C2H5OCH2CH2+H2O	21.7349	1.3000	4138.0000	25.6492	28.6326	30.5749	13.5222	1.9076	4283.6221	21.0662	24.5440	26.9441
C2H5OCH2CH2=C2H5O+C2H4	45.3281	-2.0200	25971.0000	6.6364	18.3053	23.4397	25.1339	0.6662	25524.7324	3.5848	16.8911	23.7751
C2H5OCH2CH2+O2=C4H9OaOO	35.1092	-0.9752	-351.5898	29.4026	28.5497	27.7853	29.8334	-1.0284	-230.7661	23.6744	22.8454	22.0745
C4H9OaOO=C4H8OaOOHc	14.0306	1.2800	14623.7988	7.2674	15.5136	20.0803	15.0783	1.0265	18178.5410	3.1621	13.0215	18.3069
C4H9OaOO=C4H8OaOOHd	12.2453	1.4200	20871.5996	0.0640	11.5513	17.7871	14.5395	1.0408	16959.2168	3.9395	13.1951	18.1837
C4H8ObOOHa=C4H8OcyOab+OH	24.8292	0.6300	12036.5000	16.6304	23.1241	26.5893	24.4147	0.1802	15185.0781	10.2515	18.0179	21.9634
C4H8ObOOHd=C4H8OcyOac+OH	24.3288	0.2700	14927.9004	10.9827	18.6819	22.6250	21.9412	0.5382	15297.0664	9.8903	17.9612	22.1831
C2H5OCH2OC2H5+H=C2H5OCHOC2H5+H2	15.6205	2.0900	5009.2002	23.5676	27.5370	30.2460	12.6425	1.9802	6436.2246	18.4708	23.0822	26.0741
C2H5OCH2OC2H4s=C2H5OCH2+CH3CHO	27.1956	0.5770	22818.4004	7.8161	19.6987	25.8400	25.8458	0.3395	18525.3867	9.3111	18.8688	23.7653
C3H8+OH=IC3H7+H2O	12.8316	2.3051	-561.3223	27.7221	29.0374	30.4940	14.4316	1.5838	6056.8350	18.1785	22.3243	24.9460
C3H8+CH3O=NC3H7+CH3OH	26.4270	0.0000	7000.0000	19.3820	22.9045	24.6658	19.6687	0.4206	9429.7871	12.7921	17.8289	20.4931
IC3H7O2=C3H6OOH2-1	20.0020	1.1000	33500.0000	-6.8776	10.7427	19.9341	22.8080	0.6276	31197.8047	-4.6905	11.4439	19.7286
O2+C3H6OOH1-3=C3H6OOH1-3O2	41.8250	-1.8500	1005.8398	29.3156	28.5395	27.5102	30.8839	-1.1083	284.5796	23.7098	23.0848	22.3882
C3H6OOH1-2O2=OH+C3KET12	23.6937	0.1540	25611.9980	-1.1262	11.8690	18.4200	14.2420	0.7636	18544.2969	0.3237	10.1849	15.3801
C4H10=C2H5+C2H5	66.1072	-2.8700	96053.3984	-48.4006	-2.0540	20.1247	69.6376	-4.4572	91598.4453	-50.2504	-7.2458	12.7117
C4H10+OH=SC4H9+H2O	18.3524	1.6100	-35.0000	28.3931	29.4915	30.5987	16.3909	1.2135	5778.7168	18.1163	21.8654	24.1605
C4H10+CH3O=SC4H9+CH3OH	27.1202	0.0000	7000.0000	20.0751	23.5977	25.3589	23.4494	0.0240	7921.3867	15.6260	19.6288	21.6385
SC4H9+O2=SC4H9O2	33.4852	-0.8160	-536.5000	28.9541	28.1185	27.4179	34.2453	-1.3310	-42.8740	26.0167	25.0726	24.1392
SC4H9O2=C4H8OOH2-4	16.4820	1.4000	20800.0000	4.2486	15.6859	21.8898	16.8212	0.8314	19851.5293	2.0085	12.5744	18.1455
C4H8OOH2-4=OH+CH3CHO+C2H4	19.5456	1.5000	23500.0000	5.2162	18.0816	25.0341	26.7456	-0.0541	25252.3223	0.9942	13.6641	19.9803
NC5H12=NC3H7+C2H5	67.4657	-2.8700	95800.6016	-46.7876	-0.5682	21.5468	67.1521	-4.4223	90044.8125	-50.9554	-8.7084	10.8824
NC5H12+O2=C5H11-1+HO2	31.3687	0.0000	52799.9961	-21.7713	4.7987	18.0837	29.8562	0.2427	49313.1055	-18.2665	6.7170	19.2929
NC5H12+O=C5H11-1+OH	32.3584	0.0000	7850.0000	24.4579	28.4081	30.3833	21.5483	0.7178	5678.5254	20.2938	23.6489	25.5752
NC5H12+HO2=C5H11-1+H2O2	3.0350	3.5900	15600.0000	9.6449	19.9836	26.3971	4.0862	3.1417	15386.0410	8.1254	18.0456	24.0945
NC5H12+CH3=C5H11-1+CH4	-0.1009	3.6500	7154.0000	15.3823	21.5123	25.8423	7.9593	2.6782	9564.2969	14.9775	21.6468	25.9097
NC5H12+O2=C5H11-2+HO2	30.9632	0.0000	50160.0000	-19.5198	5.7217	18.3425	29.3983	0.2670	48479.1523	-17.7335	6.8472	19.2301
NC5H12+CH3=C5H11-2+CH4	12.0317	2.1330	7574.0000	17.6647	22.9546	26.3388	10.5543	2.2866	6044.4004	18.6814	23.3080	26.4138
NC5H12+CH3O=C5H11-2+CH3OH	26.1169	0.0000	5000.0000	21.0847	23.6008	24.8588	21.7368	0.3213	5964.8135	17.7305	20.9549	22.6784
NC5H12+OH=C5H11-3+H2O	15.5597	1.8110	-1015.5002	27.8363	28.5806	29.5804	17.7087	1.1582	5128.5039	19.7450	23.1286	25.2218
C5H11-1=C2H4+NC3H7	27.5606	0.6300	29397.7070	1.8888	17.1190	24.9524	25.7764	0.5928	27124.3164	2.1615	16.2219	23.4575
C5H11O2-1=C5H10OOH1-4	15.1287	1.2000	16600.0000	5.8793	15.0646	20.0731	15.9603	0.9373	19344.6367	2.3163	12.7006	18.2176
C5H10OOH2-4+O2=C5H10OOH2-4O2	32.6866	-0.8160	-536.5000	28.1555	27.3199	26.6193	33.2082	-1.7270	1511.2505	20.9544	20.5178	19.7010
CH3OCH2OCH3=CH3+CH3OCH2O	40.6164	0.0000	81656.0234	-41.5654	-0.4745	20.0710	55.2715	-2.3874	83664.4219	-43.7682	-3.3214	16.0746
CH3OCH2OCH3+O2=CH3OCH2OCH2+HO2	9.8416	2.8220	42590.8203	-15.4858	7.9028	20.5751	13.0554	2.8648	37610.9961	-6.9939	13.9184	25.3674
CH3OCH2OCH3+CH3O=CH3OCH2OCH2+CH3OH	6.8876	2.9310	3441.0000	21.6394	25.4026	28.3000	6.0369	2.2724	5118.5342	15.0074	19.1583	22.0213
COCJOCO2H=CH3OCHO+CH2O+OH	28.5632	0.3700	18486.1016	12.2575	21.8165	26.7242	28.2594	-0.2187	14440.9219	12.3666	19.4820	22.9639
PODE2+CH3O=PODE2B+CH3OH	6.8287	2.8800	1553.5400	23.1632	25.9413	28.3284	5.1942	2.4701	4098.7910	16.4198	20.1945	22.9379
PODE2+HO2=PODE2A+H2O2	-6.9559	4.7800	10420.6494	12.2622	20.8193	26.7545	-1.6419	3.5322	6870.6006	13.3948	19.3006	23.4777
PODE2AO2=PODE2_OOH1_5	15.7685	1.0200	11759.0801	10.2726	16.8971	20.5628	16.1355	0.6407	12336.3750	7.7012	14.3532	17.9012
PODE2BO2=PODE2_OOH3_7	22.2251	0.2800	16587.0000	7.2714	15.8124	20.1799	15.8163	0.6242	15058.4160	4.5399	12.5502	16.7717
PODE2_OOH3_7=CH2O+COCO2HOCJ	42.8551	-1.8300	24976.0996	6.3454	17.6454	22.6612	18.1370	1.5141	19935.0508	7.4833	18.5645	24.6299
PODE2_OOH3_7=C4H8O4_15+OH	48.1097	-2.3700	21247.6094	11.9966	21.0461	24.7494	28.9207	-0.2066	15484.8730	12.0522	19.7013	23.4543
C2H5OC2H5+CH3=C2H5OCH2CH2+CH4	10.0774	2.8800	15042.0000	12.8367	22.4023	28.1833	8.1343	3.1714	10006.7881	17.7723	25.0061	29.7222
C2H5OC2H5+HO2=C2H5OCH2CH2+H2O2	-7.2211	4.7000	13032.0000	8.8716	18.6874	25.2242	0.4525	3.5698	11756.7539	10.8048	19.1954	24.6279
C2H5OC2H5+O=C2H5OCH2CH2+OH	17.8045	2.3000	7107.0000	24.9453	30.1160	33.4984	23.0967	0.4514	5643.5059	20.2219	23.3747	25.1075
C2H5OC2H5+O=C2H5OCHCH3+OH	17.3360	2.0000	403.0000	29.3596	30.9487	32.4364	23.0271	0.4951	6338.3652	19.7246	23.2574	25.1953
C2H5OCHCH3+O2=C4H9ObOO	15.7675	1.6359	-842.2598	26.7817	27.4917	28.4137	28.6072	-0.5641	8689.5576	16.3558	20.3375	22.1328
C4H9ObOO=C4H8ObOOHc	15.3904	1.3800	13882.6016	9.9945	17.9371	22.3866	16.1019	0.4471	19673.1191	-0.9194	9.2904	14.5503
C4H8ObOOHc=C4H8OcyObc+OH	27.1433	0.2000	19927.7012	8.3302	18.4968	23.6494	28.7252	-0.3875	13798.1738	12.4303	19.1052	22.3084
C4H8ObOOHdOO=bCOC3H7OdOOH+OH	14.0306	1.2800	14623.7988	7.2674	15.5136	20.0803	13.9318	1.4601	13207.4922	9.7133	17.3717	21.7069
C2H5OCH2OC2H5=CH3+C2H5OCH2OCH2	53.9674	-1.7620	90856.2031	-48.4240	-3.9247	17.7143	56.3121	-2.9166	79766.3281	-42.0935	-3.9752	14.0731
C2H5OCH2OC2H5=C2H5O+C2H5OCH2	60.7592	-2.9810	89993.8984	-48.3399	-5.1195	15.4576	52.8704	-1.3534	85781.3047	-41.8740	0.3547	21.0000
C2H5OCH2OC2H5+H=C2H5OCH2OC2H4s+H2	13.4386	2.3200	3810.7998	24.0212	27.5470	30.1139	12.6352	2.7910	6147.3477	23.7935	28.8215	32.3029
C2H5OCH2OC2H5+CH3=C2H5OCH2OC2H4s+CH4	5.2470	2.7700	7175.5996	15.2397	20.7706	24.4961	5.7975	2.6232	7820.2275	14.2289	19.9824	23.7683
C2H5OCH2OC2H5+C2H5=C2H5OCH2OC2H4p+C2H6	-2.3310	3.6400	11096.2998	9.1224	17.2294	22.5444	10.8795	1.9096	12007.6426	10.6621	18.0283	22.3731
C2H5OCH2OC2H4p=C2H5OCH2O+C2H4	22.9403	0.9890	23036.2988	5.9019	18.1797	24.6614	27.7240	0.5473	28172.7773	2.7713	17.3278	24.7957
C3H8+OH=NC3H7+H2O	15.7420	2.0000	677.3086	27.4895	29.2166	30.7733	13.4838	1.4229	4403.8613	17.8945	21.0969	23.1912
C3H8+O2=NC3H7+HO2	31.3124	0.0000	50900.0000	-19.9154	5.6985	18.5054	29.2840	0.1912	50298.4258	-20.1500	5.2937	18.0818
NC3H7=C2H4+CH3	25.8109	0.7900	30831.7383	-0.3099	15.7529	24.0580	27.6443	0.6273	29621.7266	1.7299	17.0709	24.9588
NC3H7O2=C3H6OOH1-3	13.9883	1.6000	21000.0000	2.7965	14.4731	20.8660	18.5791	0.4877	27509.1543	-6.0765	8.1047	15.3643
C3H6OOH1-2=OH+C3H6O1-2	33.4422	-0.7460	13073.7988	15.6481	21.7100	24.4824	52.2284	-4.1189	21922.1191	4.5680	12.7446	15.4054
C4H10+O=PC4H9+OH	32.3584	0.0000	7850.0000	24.4579	28.4081	30.3833	21.3814	0.6552	6382.6113	19.0296	22.6956	24.7557
C4H10+CH3O=PC4H9+CH3OH	26.4270	0.0000	7000.0000	19.3820	22.9045	24.6658	24.4323	-0.0148	8064.4229	16.2239	20.2718	22.2906
C4H10+H=SC4H9+H2	14.7710	2.4000	4471.0000	25.1863	29.0997	31.8882	11.0336	2.0494	4995.9951	18.7415	22.6761	25.3536
C4H10+CH3=SC4H9+CH4	1.1053	3.4600	5481.0000	17.0915	22.2479	26.0253	7.3777	2.4496	7419.3301	15.1336	20.5650	24.1297
SC4H9=C3H6+CH3	26.0892	0.8400	31309.7500	-0.2018	16.1361	24.5962	27.4691	0.7967	30049.6055	2.1769	17.8507	25.9637
SC4H9O2=C4H8OOH2-1	21.1003	1.1000	33500.0000	-5.7793	11.8410	21.0324	17.8074	0.3136	25403.7109	-5.8111	7.1898	13.7990
C4H8OOH1-3+O2=C4H8OOH1-3O2	32.7924	-0.8160	-536.5000	28.2612	27.4256	26.7250	38.0862	-1.5624	232.7192	28.1424	27.1765	26.1521
C4H8OOH1-3=OH+CH2O+C3H6	20.9303	1.3000	24900.0020	3.9489	17.3802	24.5464	25.3639	0.9604	23523.2910	7.6577	20.1608	26.7452
C4H8OOH1-3=C4H8O1-3+OH	21.6749	0.6900	16000.0000	9.8600	18.3898	22.8938	27.2488	-0.1725	13802.8418	12.2848	19.1111	22.4644
C4H8OOH1-3O2=NC4KET13+OH	9.2965	2.4000	19900.0000	4.1834	15.8611	22.5316	13.4699	1.5114	24186.9082	-1.4802	11.7388	18.8720
C4H8OOH2-4O2=NC4KET24+OH	4.0587	2.9000	17000.0000	4.9716	15.5365	21.8240	9.4515	2.5900	20009.1582	5.4093	17.2735	24.1032
NC5H12+H=C5H11-1+H2	12.7628	2.6900	6450.0000	22.9886	28.0989	31.5864	10.5649	2.3038	7061.7188	17.7751	22.9256	26.2993
NC5H12+H=C5H11-2+H2	14.7710	2.4000	4471.0000	25.1863	29.0997	31.8882	10.7349	2.0292	5189.4150	18.1228	22.1408	24.8531
NC5H12+HO2=C5H11-3+H2O2	4.1463	3.3700	13720.0000	11.2812	20.5213	26.3093	3.3094	3.3177	13763.5254	10.0754	19.3011	25.0638
NC5H12+CH3O2=C5H11-2+CH3O2H	4.8363	3.3700	15220.0000	10.4615	20.4564	26.6218	4.9017	3.5179	16391.1348	10.2674	20.9542	27.5168
C5H11-2+O2=C5H11O2-2	33.4852	-0.8160	-536.5000	28.9541	28.1185	27.4179	34.3311	-1.3890	611.6865	25.0836	24.4286	23.6198
C5H11O2-1=C5H10OOH1-2	19.8092	1.1000	30100.0000	-3.6485	12.2608	20.5968	13.8935	0.7010	17198.3223	0.9410	10.0815	14.8947
C5H11O2-3=C5H10OOH3-2	21.9564	0.9000	30500.0000	-3.1468	12.8252	21.1231	16.4803	0.2646	20264.6152	-2.2705	8.1104	13.3926
C5H10OOH2-4=OH+CH3CHO+C3H6	20.8888	1.2000	22700.0000	5.5001	17.7550	24.2983	21.8456	1.5867	23106.3301	8.4511	21.1784	28.0920
CH3OCH2OCH3+OH=CH3OCHOCH3+H2O	9.8482	2.7217	-1243.8630	28.0146	29.2753	30.8488	7.2338	2.7066	2055.6235	21.9852	24.8957	27.2890
COCO2HOCJ=C3H6O3_13+OH	30.0633	-0.3829	19343.1543	8.2162	17.6847	22.2862	36.0600	-0.7834	18029.5566	13.0459	21.5757	25.5692
CH3OCH2OCH3+O2=CH3OCHOCH3+HO2	16.3492	1.9950	40344.1680	-11.8566	9.8282	21.3620	9.7201	2.8420	32222.6836	-5.0481	13.1369	23.2143
CH3OCH2OCH3+HO2=CH3OCH2OCH2+H2O2	2.5802	3.5570	12691.2031	11.9127	20.7646	26.4234	-0.7432	3.8196	11637.4277	11.2819	19.7857	25.3614
COCOCO2J=COCJOCO2H	20.1015	0.7650	14651.0508	10.1103	18.0132	22.2299	16.8427	1.3050	18201.2012	6.6342	16.6979	22.1821
COCO2JOC=COCO2HOCJ	14.4307	1.5350	17238.0000	6.6211	16.3596	21.7608	19.2273	1.0355	18830.6328	6.7104	16.9040	22.3597
CJOCOCO2H=CH2O+CH2OCH2O2H	38.0622	-1.2300	23374.7598	6.8930	17.8030	22.8318	34.6469	-0.3432	18505.2148	13.8897	22.9640	27.3822
COCO2HOCJ=CH2O+CH3OCHO+OH	24.6393	0.7320	18614.0000	10.4545	20.3288	25.5197	40.0474	-1.3754	20248.2969	11.1212	20.3572	24.4985
COCJOCO2H=C3H6O3_13+OH	31.7304	-0.4490	18700.0000	10.1196	19.2186	23.6124	34.9960	-0.7732	17502.4922	12.5754	20.8471	24.7149
CH3OCH2=CH3+CH2O	29.7142	0.4403	26490.6992	5.7891	19.4249	26.3954	23.9252	0.5913	20690.2305	6.7762	17.5978	23.2135
CH2OCH2O2H=CH2O+CH2O+OH	50.9933	-2.7200	24407.0000	9.5254	19.9222	24.1778	32.5118	-0.2155	22210.6602	8.8190	19.8465	25.2856
PODE2+H=PODE2A+H2	13.9810	2.5200	6070.7500	23.5320	28.3337	31.6078	5.4145	3.0790	8314.6133	16.1810	22.4992	26.7255
PODE2+HO2=PODE2B+H2O2	-2.1037	4.1800	7265.7695	16.5608	23.1144	27.8399	-1.6243	4.0370	9055.0234	14.3508	21.7057	26.7822
PODE2+O2=PODE2A+HO2	4.8363	3.4900	40535.3711	-14.2711	8.5462	21.1643	10.1058	4.0675	30953.6523	4.2306	22.6264	33.2340
PODE2A=CH3OCH2OCH2+CH2O	31.9391	0.0100	25549.7090	6.2871	19.1511	25.5866	28.1870	0.5231	22812.6016	8.4786	20.3209	26.4234
PODE2_OOH3_5=C4H8O4_35+OH	44.3424	-1.7900	13957.9297	19.1705	24.9537	27.2249	44.9125	-1.8488	20538.5820	12.7521	21.8060	25.6923
C2H5OC2H5=C2H5+C2H5O	88.9751	-5.9940	99284.4531	-48.1991	-2.3919	18.4343	63.4437	-3.6319	87311.5000	-47.0011	-5.5817	13.8693
C2H5OC2H5+H=C2H5OCHCH3+H2	20.1664	1.7100	5437.0000	25.3214	29.2427	31.7959	15.4428	2.1460	4555.2871	24.1945	27.9743	30.6080
C2H5OCHCH3=C2H5+CH3CHO	43.6819	-1.4500	24658.0000	9.8540	21.2573	26.4564	35.4852	-1.3193	14777.0703	12.4142	18.9358	21.7394
C4H9OaOO=C4H8OaOOHb	13.4120	1.6900	22886.6016	0.8808	13.5692	20.4991	15.1786	1.6315	19903.8027	5.2856	16.4324	22.5712
C4H9ObOO=C4H8ObOOHa	13.0836	1.9200	30857.3008	-6.0403	10.8185	19.9134	18.8521	1.5389	29256.4727	-1.0292	14.7599	23.1878
C4H8ObOOHcOO=bCOC3H7OcOOH+OH	15.3904	1.3800	13882.6016	9.9945	17.9371	22.3866	16.2556	1.4336	21626.1777	3.3995	15.2759	21.7110
C2OCOC2sO2Hc=C2H5OCHO+CH3CHO+OH	27.9458	0.0810	13737.9004	14.6229	21.5922	25.1049	32.1865	-0.1338	19965.9766	11.2606	21.2152	26.1461
C2H5OCH2OC2H5+CH3=C2H5OCH2OC2H4p+CH4	-0.9862	3.7300	9637.9004	12.4943	19.9298	24.9402	2.4992	3.1548	10492.4990	11.5447	19.0115	23.8382
C2H5OCH2OC2H5+C2H5=C2H5OCHOC2H5+C2H6	19.6146	0.8650	12430.6016	12.4796	19.3345	23.0617	19.6909	1.4421	18907.8262	9.6237	20.1381	25.8951
C3H8=C2H5+CH3	65.0020	-2.9200	98522.4062	-52.3015	-4.7471	18.0181	58.6485	-2.3478	82623.2734	-39.0976	0.8527	20.0142
C3H8+H=NC3H7+H2	14.1527	2.4910	6970.0000	22.6184	27.8525	31.3328	13.4117	2.4188	2868.2842	25.5569	28.6768	31.0751
C3H8+HO2=IC3H7+H2O2	4.1463	3.3700	13720.0000	11.2812	20.5213	26.3093	4.4722	3.2438	12103.0547	12.4505	20.7894	26.0831
C3H8+CH3=NC3H7+CH4	3.5410	3.4400	10400.0000	14.4522	22.0702	27.0713	1.6321	3.6446	6136.4219	18.1057	23.7199	27.7901
C3H8+O=IC3H7+OH	13.2159	2.5000	3140.0000	25.5922	28.9051	31.4281	23.3530	0.9052	2296.2329	26.6676	28.4505	29.6557
C3H8+O=NC3H7+OH	15.1265	2.4000	5505.0000	24.5012	28.9349	31.9836	26.2968	0.4865	4834.5762	24.4547	27.2249	28.7785
C4H10+CH3O2=PC4H9+CH3O2H	3.0350	3.5900	17600.0000	7.6321	18.9771	25.8939	2.4389	3.5260	13542.5957	10.7219	19.9809	25.8324
PC4H9O2=C4H8OOH1-4	14.0250	1.5000	20000.0000	3.2181	14.3222	20.3941	15.3601	2.0400	21849.8574	6.0473	18.4566	25.3682
SC4H9O2=C4H8OOH2-3	21.2633	0.9000	29500.0000	-2.8335	12.6353	20.6816	20.4916	2.1843	26856.0020	7.0372	22.0657	30.3370
C4H8OOH2-4=C4H8O1-3+OH	21.6153	0.7800	18000.0000	8.3468	17.9454	23.0150	27.5613	-0.1622	14540.8672	11.9188	19.1237	22.6699
NC5H12+OH=C5H11-1+H2O	17.1231	1.8130	868.4004	27.5162	29.2099	30.6851	22.6520	1.0030	1792.6890	27.0809	28.6782	29.8244
NC5H12+CH3O=C5H11-1+CH3OH	26.4270	0.0000	7000.0000	19.3820	22.9045	24.6658	23.7182	0.4225	4741.3105	21.5722	24.2510	25.7369
NC5H12+HO2=C5H11-2+H2O2	4.8395	3.3700	13720.0000	11.9743	21.2144	27.0024	3.2554	3.4921	12434.2070	12.4433	21.1210	26.6701
NC5H12+CH3O=C5H11-3+CH3OH	25.4237	0.0000	5000.0000	20.3915	22.9076	24.1657	27.3826	-0.2186	4969.3418	21.0230	23.3722	24.4710
NC5H12+CH3O2=C5H11-1+CH3O2H	3.0350	3.5900	17600.0000	7.6321	18.9771	25.8939	2.4542	3.3149	12045.3320	10.9321	19.2913	24.6197
NC5H12+CH3O2=C5H11-3+CH3O2H	4.1897	3.3700	15220.0000	9.8149	19.8098	25.9752	3.0359	3.2433	11404.0625	11.7141	19.7009	24.8183
C5H11-3=C4H8-1+CH3	25.9436	0.8300	31548.7578	-0.6502	15.8011	24.3144	40.3651	0.0130	35832.2930	4.3830	22.4235	31.4483
C5H11-1+O2=C5H11O2-1	38.7678	-1.6270	198.7002	28.4566	27.4289	26.3511	33.6206	-0.9338	-395.8384	28.2156	27.3691	26.6222
C5H11-3+O2=C5H11O2-3	33.4852	-0.8160	-536.5000	28.9541	28.1185	27.4179	30.2932	-0.9258	-510.1631	25.0533	24.1549	23.3848
C5H11O2-2=C5H10OOH2-5	13.3326	1.5000	20000.0000	2.5258	13.6299	19.7018	21.8668	2.0906	25204.7773	9.4923	23.6249	31.4158
C5H10OOH1-3+O2=C5H10OOH1-3O2	32.6866	-0.8160	-536.5000	28.1555	27.3199	26.6193	29.8287	-1.0065	290.8574	23.2809	22.7296	22.1051
C5H10OOH3-1+O2=C5H10OOH3-1O2	37.9692	-1.6270	198.7002	27.6581	26.6303	25.5525	33.9882	-1.2386	920.0059	25.3645	24.9689	24.3419
C5H10OOH2-4O2=NC5KET24+OH	5.1671	3.1000	17500.0000	6.8197	17.7748	24.3267	7.8919	1.9397	19849.6074	-0.0312	11.3020	17.6408
CH3OCH2OCH3=CH3O+CH3OCH2	39.9324	0.0000	86410.1250	-47.0341	-3.5509	18.1908	47.0962	-1.5900	77495.2188	-40.7794	-2.8844	15.5120
CH3OCHOCH3=CH3OCHO+CH3	24.6371	0.9860	14952.9004	15.7155	23.9235	28.3693	27.8102	0.4213	15430.2969	14.8987	22.9556	27.1300
CH3OCH2OCH3+OH=CH3OCH2OCH2+H2O	4.1049	3.4980	-2206.4163	28.0644	29.3787	31.2482	10.8810	1.9216	2147.8213	20.6613	23.0740	24.9464
CH3OCH2OCH3+CH3=CH3OCHOCH3+CH4	13.1949	2.0970	9608.0293	16.5570	22.8455	26.7165	6.0090	2.3589	4302.6562	16.3380	20.1382	22.8559
CH3OCH2OCH3+O=CH3OCHOCH3+OH	13.9108	2.4500	2820.2676	26.2982	29.4156	31.8234	12.3574	1.7873	1929.8984	21.5224	23.7325	25.4569
CH3OCH2OCH3+HO2=CH3OCHOCH3+H2O2	5.4205	3.1630	11759.0820	13.2425	21.3524	26.5035	0.8083	3.3474	11869.8574	9.6646	17.9580	23.2647
CH3OCH2OCH3+CH3O=CH3OCHOCH3+CH3OH	12.7308	2.1260	4493.3086	21.4208	25.1556	27.7598	6.0063	2.2842	2259.0420	17.9281	20.6482	22.7999
COCOCO2J=CJOCOCO2H	18.0202	0.5850	14125.2383	7.4396	14.9531	18.9127	30.1435	0.3455	13860.2383	18.3410	25.5552	29.2820
CO2JOCOCO2H=CO2HOCOC*O+OH	27.0654	-0.0360	18379.5391	8.3438	17.5678	22.1673	22.1714	0.9924	16210.7344	12.0240	20.8695	25.6361
CH3OCH3+HO2=CH3OCH2+H2O2	-5.7540	4.6400	10556.0010	12.4578	20.9860	26.8582	1.2958	3.2664	9805.8359	11.7265	18.9251	23.6564
CH3OCH3+CH3O2=CH3OCH2+CH3O2H	-6.6703	4.6400	10556.0010	11.5415	20.0697	25.9419	-1.3130	3.7701	11759.4121	10.2819	18.8127	24.3848
CH3OCH3+H=CH3OCH2+H2	15.8595	2.0900	3384.0000	25.4422	28.5938	30.8939	18.5786	1.6442	6906.6709	21.8456	26.4608	29.3383
PODE2+O2=PODE2B+HO2	11.0300	2.5000	37249.2500	-10.9225	9.5549	20.6600	8.4565	3.1797	41486.9062	-13.5370	9.5440	22.1866
PODE2_OOH1_5=CH3OCHO+CH2OCH2O2H	33.8963	0.3000	13121.4102	22.5548	29.3657	32.8751	28.1136	0.2500	12428.9355	17.1581	23.5859	26.8864
PODE2_OOH1_5=C4H8O4_15+OH	31.2971	-0.2000	20411.0898	9.5117	19.6443	24.6413	41.1164	-0.9353	17419.6660	17.7719	25.8895	29.6241
PODE2_OOH1_3=CH3OCH2+HO2CH2OCHO	41.9653	-0.5300	13408.2207	25.1770	31.5569	34.5632	33.7893	-0.0647	18366.1602	14.9031	24.1005	28.6768
PODE2_OOH1_3=COCOC*O+CH2O2H	32.6680	0.1900	15344.1699	18.4058	26.2590	30.2514	22.7305	0.7603	11930.8887	15.4479	21.9788	25.5077
PODE2_OOH1_3=C4H8O4_13+OH	55.1600	-2.5800	21391.0098	17.5976	26.5736	30.1675	34.4803	-0.2951	16913.5840	15.6240	23.9307	27.9818
C2H5OC2H5+CH3=C2H5OCHCH3+CH4	9.5104	2.7500	11054.0010	15.4754	22.9442	27.6316	9.3026	1.8930	4859.5684	16.1762	19.9338	22.4686
C2H5OC2H5+HO2=C2H5OCHCH3+H2O2	-7.0187	4.6000	4320.0000	17.2207	22.5831	26.8585	0.1967	3.3349	12411.5566	8.4303	16.9876	22.4220
C2H5OCH2=C2H5+CH2O	42.6936	-2.1600	18935.0000	10.2131	18.2443	21.5114	42.6470	-1.7962	23953.2578	7.3769	18.1856	22.9674
C2H5OCHOC2H5=C2H5OCHO+C2H5	26.0014	0.5860	14216.0996	15.3355	22.8955	26.8786	29.1800	0.3257	17331.1953	13.7613	22.7085	27.2949
C3H8+HO2=NC3H7+H2O2	3.0350	3.5900	15600.0000	9.6449	19.9836	26.3971	3.2552	2.9070	14439.5430	6.7889	16.0701	21.7183
C3H8+CH3=IC3H7+CH4	0.4121	3.4600	5480.0000	16.3994	21.5553	25.3324	1.2575	3.0870	7042.7754	13.3540	19.0379	22.9496
O2+NC3H7=NC3H7O2	37.5689	-1.3000	803.4189	28.6813	28.1845	27.4856	42.1701	-2.7732	2374.0801	22.5467	21.8192	20.4943
O2+IC3H7=IC3H7O2	67.2878	-5.1500	5036.4502	30.2137	29.1784	26.8759	42.3320	-2.8016	2654.3169	22.2500	21.6438	20.3698
O2+C3H6OOH2-1=C3H6OOH2-1O2	59.4918	-4.3500	4019.7500	28.4126	27.4202	25.4165	45.0244	-3.3510	5673.1309	18.4895	19.0216	18.1263
C3H6OOH2-1O2=OH+C3KET21	21.4362	0.5150	23246.5020	1.2406	13.2956	19.5016	20.1978	0.6504	20506.2715	3.6016	14.3716	19.9821
C4H10+H=PC4H9+H2	12.7628	2.6900	6450.0000	22.9886	28.0989	31.5864	17.0337	1.5212	3547.1895	22.9174	25.7568	27.7037
C4H10+O2=PC4H9+HO2	31.7254	0.0000	52340.0000	-20.9517	5.3869	18.5561	31.6885	-0.0366	48892.2969	-17.7461	6.8321	19.1085
C4H10+OH=PC4H9+H2O	23.0784	0.9700	1586.0000	27.5104	28.9809	30.0523	19.6317	0.8945	2484.2832	22.6903	24.5605	25.8056
C4H10+CH3=PC4H9+CH4	3.5410	3.4400	10400.0000	14.4522	22.0702	27.0713	4.4473	2.4133	4413.9463	15.0029	18.8968	21.6802
PC4H9=C2H4+C2H5	27.9957	0.6200	29636.7109	2.0212	17.3647	25.2513	29.4918	-0.0873	27096.2520	1.6787	15.2536	22.0108
PC4H9O2=C4H8OOH1-2	19.8092	1.1000	30100.0000	-3.6485	12.2608	20.5968	17.7182	1.1361	26615.8535	-2.0089	12.1722	19.6564
PC4H9O2=C4H8OOH1-3	16.4256	1.3000	18200.0000	6.1874	16.2471	21.7275	14.4923	1.0993	21148.9141	0.0389	11.4434	17.5266
C4H8OOH2-4+O2=C4H8OOH2-4O2	38.0748	-1.6270	198.7002	27.7636	26.7359	25.6581	37.9019	-2.4752	2475.8730	20.0278	19.5581	18.4653
NC5H12=PC4H9+CH3	62.8375	-2.6400	97629.5000	-51.8272	-4.5280	18.2066	63.0173	-2.9493	90771.9766	-46.6678	-3.0339	17.7610
NC5H12+O=C5H11-2+OH	31.6599	0.0000	5200.0000	26.4265	29.0432	30.3516	26.8850	0.0118	7390.4795	19.5204	23.2477	25.1154
NC5H12+O=C5H11-3+OH	30.9668	0.0000	5200.0000	25.7333	28.3501	29.6584	26.4496	0.1303	7252.6348	19.9601	23.7001	25.6153
NC5H12+CH3=C5H11-3+CH4	11.3386	2.1330	7574.0000	16.9716	22.2614	25.6456	7.8062	2.1338	3597.5000	17.4462	20.7355	23.1197
C5H11O2-1=C5H10OOH1-3	16.4256	1.3000	18200.0000	6.1874	16.2471	21.7275	14.5956	1.0568	21358.6270	-0.3331	11.1475	17.2540
C5H11O2-1=C5H10OOH1-5	12.5917	1.5000	19900.0000	1.8855	12.9392	18.9860	12.9143	1.0576	18693.2051	0.6730	10.8128	16.2492
C5H11O2-2=C5H10OOH2-4	24.9765	0.2000	19500.0000	6.5938	16.5452	21.5903	16.1019	1.1358	23184.2578	-0.1733	12.2807	18.9014
C5H11O2-3=C5H10OOH3-1	17.1748	1.4000	20800.0000	4.9414	16.3787	22.5826	15.4777	1.0544	21525.9102	0.3660	11.9292	18.0762
C5H10OOH1-3=C5H10O1-3+OH	27.5808	0.0000	16620.2793	10.8535	19.2171	23.3990	23.0771	0.6592	15653.4707	11.4197	19.7538	24.1493
C5H10OOH2-4=C5H10O2-4+OH	27.1753	0.0000	17612.6797	9.4492	18.3123	22.7438	24.9712	0.4884	19435.2422	8.4457	18.5644	23.7930
C5H10OOH3-1=C5H10O1-3+OH	27.1753	0.0000	17334.6816	9.7290	18.4522	22.8137	26.0587	0.3739	19519.8320	8.7368	18.8187	23.9893
C5H10OOH3-1O2=NC5KET31+OH	4.0580	2.9000	17000.0000	4.9709	15.5358	21.8233	7.5240	2.8164	15961.1348	8.9630	18.9472	24.9153
